Asus;6;7;-33;20;-155;S
Asus;6;7;-33;19;-155;S
Asus;6;7;-33;18;-155;S
Asus;6;7;-33;17;-155;S
Asus;6;7;-33;16;-155;S
Asus;6;7;-33;15;-155;S
Asus;6;7;-33;14;-155;S
Asus;6;7;-33;13;-155;S
Asus;6;7;-33;12;-155;S
Asus;6;7;-33;11;-155;S
Asus;6;7;-33;10;-155;S
Asus;6;7;-33;9;-155;S
Asus;6;7;-33;8;-155;S
Asus;6;4;-33;7;-155;S
Asus;6;4;-33;6;-155;S
Asus;6;4;-33;5;-155;S
Asus;6;4;-33;4;-155;S
Asus;6;4;-33;3;-155;S
Asus;6;4;-33;2;-155;S
Asus;6;4;-33;1;-155;S
Asus;6;4;-33;0;-155;S
Asus;6;4;-33;-1;-155;S
Asus;6;4;-33;-2;-155;S
Asus;6;4;-33;-3;-155;S
Asus;6;4;-33;-4;-155;S
Asus;6;4;-33;-5;-155;S
Asus;6;4;-33;-6;-155;S
Asus;6;4;-33;-7;-155;S
Asus;6;1;-33;-8;-155;S
Asus;6;1;-33;-9;-155;S
Asus;6;1;-33;-10;-155;S
Asus;6;1;-33;-11;-155;S
Asus;6;1;-33;-12;-155;S
Asus;6;1;-33;-13;-155;S
Asus;6;1;-33;-14;-155;S
Asus;6;1;-33;-15;-155;S
Asus;6;1;-33;-16;-155;S
Asus;6;1;-33;-17;-155;S
Asus;6;1;-33;-18;-155;S
Asus;6;1;-33;-19;-155;S
Asus;6;1;-33;-20;-155;S
Asus;6;7;-32;20;-155;S
Asus;6;7;-32;19;-155;S
Asus;6;7;-32;18;-155;S
Asus;6;7;-32;17;-155;S
Asus;6;7;-32;16;-155;S
Asus;6;7;-32;15;-155;S
Asus;6;7;-32;14;-155;S
Asus;6;7;-32;13;-155;S
Asus;6;7;-32;12;-155;S
Asus;6;7;-32;11;-155;S
Asus;6;7;-32;10;-155;S
Asus;6;7;-32;9;-155;S
Asus;6;7;-32;8;-155;S
Asus;6;4;-32;7;-155;S
Asus;6;4;-32;6;-155;S
Asus;6;4;-32;5;-155;S
Asus;6;4;-32;4;-155;S
Asus;6;4;-32;3;-155;S
Asus;6;4;-32;2;-155;S
Asus;6;4;-32;1;-155;S
Asus;6;4;-32;0;-155;S
Asus;6;4;-32;-1;-155;S
Asus;6;4;-32;-2;-155;S
Asus;6;4;-32;-3;-155;S
Asus;6;4;-32;-4;-155;S
Asus;6;4;-32;-5;-155;S
Asus;6;4;-32;-6;-155;S
Asus;6;4;-32;-7;-155;S
Asus;6;4;-32;-8;-155;S
Asus;6;4;-32;-9;-155;S
Asus;6;1;-32;-10;-155;S
Asus;6;1;-32;-11;-155;S
Asus;6;1;-32;-12;-155;S
Asus;6;1;-32;-13;-155;S
Asus;6;1;-32;-14;-155;S
Asus;6;1;-32;-15;-155;S
Asus;6;1;-32;-16;-155;S
Asus;6;1;-32;-17;-155;S
Asus;6;1;-32;-18;-155;S
Asus;6;1;-32;-19;-155;S
Asus;6;1;-32;-20;-155;S
Asus;6;7;-31;20;-155;S
Asus;6;7;-31;19;-155;S
Asus;6;7;-31;18;-155;S
Asus;6;7;-31;17;-155;S
Asus;6;7;-31;16;-155;S
Asus;6;7;-31;15;-155;S
Asus;6;7;-31;14;-155;S
Asus;6;7;-31;13;-155;S
Asus;6;7;-31;12;-155;S
Asus;6;7;-31;11;-155;S
Asus;6;7;-31;10;-155;S
Asus;6;7;-31;9;-155;S
Asus;6;7;-31;8;-155;S
Asus;6;4;-31;7;-155;S
Asus;6;4;-31;6;-155;S
Asus;6;4;-31;5;-155;S
Asus;6;4;-31;4;-155;S
Asus;6;4;-31;3;-155;S
Asus;6;4;-31;2;-155;S
Asus;6;4;-31;1;-155;S
Asus;6;4;-31;0;-155;S
Asus;6;4;-31;-1;-155;S
Asus;6;4;-31;-2;-155;S
Asus;6;4;-31;-3;-155;S
Asus;6;4;-31;-4;-155;S
Asus;6;4;-31;-5;-155;S
Asus;6;4;-31;-6;-155;S
Asus;6;4;-31;-7;-155;S
Asus;6;4;-31;-8;-155;S
Asus;6;1;-31;-9;-155;S
Asus;6;1;-31;-10;-155;S
Asus;6;1;-31;-11;-155;S
Asus;6;1;-31;-12;-155;S
Asus;6;1;-31;-13;-155;S
Asus;6;1;-31;-14;-155;S
Asus;6;1;-31;-15;-155;S
Asus;6;1;-31;-16;-155;S
Asus;6;1;-31;-17;-155;S
Asus;6;1;-31;-18;-155;S
Asus;6;1;-31;-19;-155;S
Asus;6;1;-31;-20;-155;S
Asus;6;7;-30;20;-155;S
Asus;6;7;-30;19;-155;S
Asus;6;7;-30;18;-155;S
Asus;6;7;-30;17;-155;S
Asus;6;7;-30;16;-155;S
Asus;6;7;-30;15;-155;S
Asus;6;7;-30;14;-155;S
Asus;6;7;-30;13;-155;S
Asus;6;7;-30;12;-155;S
Asus;6;7;-30;11;-155;S
Asus;6;7;-30;10;-155;S
Asus;6;7;-30;9;-155;S
Asus;6;7;-30;8;-155;S
Asus;6;7;-30;7;-155;S
Asus;6;4;-30;6;-155;S
Asus;6;4;-30;5;-155;S
Asus;6;4;-30;4;-155;S
Asus;6;4;-30;3;-155;S
Asus;6;4;-30;2;-155;S
Asus;6;4;-30;1;-155;S
Asus;6;4;-30;0;-155;S
Asus;6;4;-30;-1;-155;S
Asus;6;4;-30;-2;-155;S
Asus;6;4;-30;-3;-155;S
Asus;6;4;-30;-4;-155;S
Asus;6;4;-30;-5;-155;S
Asus;6;4;-30;-6;-155;S
Asus;6;4;-30;-7;-155;S
Asus;6;4;-30;-8;-155;S
Asus;6;1;-30;-9;-155;S
Asus;6;1;-30;-10;-155;S
Asus;6;1;-30;-11;-155;S
Asus;6;1;-30;-12;-155;S
Asus;6;1;-30;-13;-155;S
Asus;6;1;-30;-14;-155;S
Asus;6;1;-30;-15;-155;S
Asus;6;1;-30;-16;-155;S
Asus;6;1;-30;-17;-155;S
Asus;6;1;-30;-18;-155;S
Asus;6;1;-30;-19;-155;S
Asus;6;1;-30;-20;-155;S
Asus;6;7;-29;20;-155;S
Asus;6;7;-29;19;-155;S
Asus;6;7;-29;18;-155;S
Asus;6;7;-29;17;-155;S
Asus;6;7;-29;16;-155;S
Asus;6;7;-29;15;-155;S
Asus;6;7;-29;14;-155;S
Asus;6;7;-29;13;-155;S
Asus;6;7;-29;12;-155;S
Asus;6;7;-29;11;-155;S
Asus;6;7;-29;10;-155;S
Asus;6;7;-29;9;-155;S
Asus;6;7;-29;8;-155;S
Asus;6;4;-29;7;-155;S
Asus;6;4;-29;6;-155;S
Asus;6;4;-29;5;-155;S
Asus;6;4;-29;4;-155;S
Asus;6;4;-29;3;-155;S
Asus;6;4;-29;2;-155;S
Asus;6;4;-29;1;-155;S
Asus;6;4;-29;0;-155;S
Asus;6;4;-29;-1;-155;S
Asus;6;4;-29;-2;-155;S
Asus;6;4;-29;-3;-155;S
Asus;6;4;-29;-4;-155;S
Asus;6;4;-29;-5;-155;S
Asus;6;4;-29;-6;-155;S
Asus;6;4;-29;-7;-155;S
Asus;6;4;-29;-8;-155;S
Asus;6;4;-29;-9;-155;S
Asus;6;1;-29;-10;-155;S
Asus;6;1;-29;-11;-155;S
Asus;6;1;-29;-12;-155;S
Asus;6;1;-29;-13;-155;S
Asus;6;1;-29;-14;-155;S
Asus;6;1;-29;-15;-155;S
Asus;6;1;-29;-16;-155;S
Asus;6;1;-29;-17;-155;S
Asus;6;1;-29;-18;-155;S
Asus;6;1;-29;-19;-155;S
Asus;6;1;-29;-20;-155;S
Asus;6;7;-28;20;-155;S
Asus;6;7;-28;19;-155;S
Asus;6;7;-28;18;-155;S
Asus;6;7;-28;17;-155;S
Asus;6;7;-28;16;-155;S
Asus;6;7;-28;15;-155;S
Asus;6;7;-28;14;-155;S
Asus;6;7;-28;13;-155;S
Asus;6;7;-28;12;-155;S
Asus;6;7;-28;11;-155;S
Asus;6;7;-28;10;-155;S
Asus;6;7;-28;9;-155;S
Asus;6;7;-28;8;-155;S
Asus;6;7;-28;7;-155;S
Asus;6;4;-28;6;-155;S
Asus;6;4;-28;5;-155;S
Asus;6;4;-28;4;-155;S
Asus;6;4;-28;3;-155;S
Asus;6;4;-28;2;-155;S
Asus;6;4;-28;1;-155;S
Asus;6;4;-28;0;-155;S
Asus;6;4;-28;-1;-155;S
Asus;6;4;-28;-2;-155;S
Asus;6;4;-28;-3;-155;S
Asus;6;4;-28;-4;-155;S
Asus;6;4;-28;-5;-155;S
Asus;6;4;-28;-6;-155;S
Asus;6;4;-28;-7;-155;S
Asus;6;4;-28;-8;-155;S
Asus;6;1;-28;-9;-155;S
Asus;6;1;-28;-10;-155;S
Asus;6;1;-28;-11;-155;S
Asus;6;1;-28;-12;-155;S
Asus;6;1;-28;-13;-155;S
Asus;6;1;-28;-14;-155;S
Asus;6;1;-28;-15;-155;S
Asus;6;1;-28;-16;-155;S
Asus;6;1;-28;-17;-155;S
Asus;6;1;-28;-18;-155;S
Asus;6;1;-28;-19;-155;S
Asus;6;1;-28;-20;-155;S
Asus;6;7;-27;20;-155;S
Asus;6;7;-27;19;-155;S
Asus;6;7;-27;18;-155;S
Asus;6;7;-27;17;-155;S
Asus;6;7;-27;16;-155;S
Asus;6;7;-27;15;-155;S
Asus;6;7;-27;14;-155;S
Asus;6;7;-27;13;-155;S
Asus;6;7;-27;12;-155;S
Asus;6;7;-27;11;-155;S
Asus;6;7;-27;10;-155;S
Asus;6;7;-27;9;-155;S
Asus;6;7;-27;8;-155;S
Asus;6;4;-27;7;-155;S
Asus;6;4;-27;6;-155;S
Asus;6;4;-27;5;-155;S
Asus;6;4;-27;4;-155;S
Asus;6;4;-27;3;-155;S
Asus;6;4;-27;2;-155;S
Asus;6;4;-27;1;-155;S
Asus;6;4;-27;0;-155;S
Asus;6;4;-27;-1;-155;S
Asus;6;4;-27;-2;-155;S
Asus;6;4;-27;-3;-155;S
Asus;6;4;-27;-4;-155;S
Asus;6;4;-27;-5;-155;S
Asus;6;4;-27;-6;-155;S
Asus;6;4;-27;-7;-155;S
Asus;6;4;-27;-8;-155;S
Asus;6;1;-27;-9;-155;S
Asus;6;1;-27;-10;-155;S
Asus;6;1;-27;-11;-155;S
Asus;6;1;-27;-12;-155;S
Asus;6;1;-27;-13;-155;S
Asus;6;1;-27;-14;-155;S
Asus;6;1;-27;-15;-155;S
Asus;6;1;-27;-16;-155;S
Asus;6;1;-27;-17;-155;S
Asus;6;1;-27;-18;-155;S
Asus;6;1;-27;-19;-155;S
Asus;6;1;-27;-20;-155;S
Asus;6;7;-26;20;-155;S
Asus;6;7;-26;19;-155;S
Asus;6;7;-26;18;-155;S
Asus;6;7;-26;17;-155;S
Asus;6;7;-26;16;-155;S
Asus;6;7;-26;15;-155;S
Asus;6;7;-26;14;-155;S
Asus;6;7;-26;13;-155;S
Asus;6;7;-26;12;-155;S
Asus;6;7;-26;11;-155;S
Asus;6;7;-26;10;-155;S
Asus;6;7;-26;9;-155;S
Asus;6;7;-26;8;-155;S
Asus;6;4;-26;7;-155;S
Asus;6;4;-26;6;-155;S
Asus;6;4;-26;5;-155;S
Asus;6;4;-26;4;-155;S
Asus;6;4;-26;3;-155;S
Asus;6;4;-26;2;-155;S
Asus;6;4;-26;1;-155;S
Asus;6;4;-26;0;-155;S
Asus;6;4;-26;-1;-155;S
Asus;6;4;-26;-2;-155;S
Asus;6;4;-26;-3;-155;S
Asus;6;4;-26;-4;-155;S
Asus;6;4;-26;-5;-155;S
Asus;6;4;-26;-6;-155;S
Asus;6;4;-26;-7;-155;S
Asus;6;4;-26;-8;-155;S
Asus;6;4;-26;-9;-155;S
Asus;6;1;-26;-10;-155;S
Asus;6;1;-26;-11;-155;S
Asus;6;1;-26;-12;-155;S
Asus;6;1;-26;-13;-155;S
Asus;6;1;-26;-14;-155;S
Asus;6;1;-26;-15;-155;S
Asus;6;1;-26;-16;-155;S
Asus;6;1;-26;-17;-155;S
Asus;6;1;-26;-18;-155;S
Asus;6;1;-26;-19;-155;S
Asus;6;1;-26;-20;-155;S
Asus;6;7;-25;20;-155;S
Asus;6;7;-25;19;-155;S
Asus;6;7;-25;18;-155;S
Asus;6;7;-25;17;-155;S
Asus;6;7;-25;16;-155;S
Asus;6;7;-25;15;-155;S
Asus;6;7;-25;14;-155;S
Asus;6;7;-25;13;-155;S
Asus;6;7;-25;12;-155;S
Asus;6;7;-25;11;-155;S
Asus;6;7;-25;10;-155;S
Asus;6;7;-25;9;-155;S
Asus;6;7;-25;8;-155;S
Asus;6;7;-25;7;-155;S
Asus;6;4;-25;6;-155;S
Asus;6;4;-25;5;-155;S
Asus;6;4;-25;4;-155;S
Asus;6;4;-25;3;-155;S
Asus;6;4;-25;2;-155;S
Asus;6;4;-25;1;-155;S
Asus;6;4;-25;0;-155;S
Asus;6;4;-25;-1;-155;S
Asus;6;4;-25;-2;-155;S
Asus;6;4;-25;-3;-155;S
Asus;6;4;-25;-4;-155;S
Asus;6;4;-25;-5;-155;S
Asus;6;4;-25;-6;-155;S
Asus;6;4;-25;-7;-155;S
Asus;6;4;-25;-8;-155;S
Asus;6;4;-25;-9;-155;S
Asus;6;1;-25;-10;-155;S
Asus;6;1;-25;-11;-155;S
Asus;6;1;-25;-12;-155;S
Asus;6;1;-25;-13;-155;S
Asus;6;1;-25;-14;-155;S
Asus;6;1;-25;-15;-155;S
Asus;6;1;-25;-16;-155;S
Asus;6;1;-25;-17;-155;S
Asus;6;1;-25;-18;-155;S
Asus;6;1;-25;-19;-155;S
Asus;6;1;-25;-20;-155;S
Asus;6;7;-24;20;-155;S
Asus;6;7;-24;19;-155;S
Asus;6;7;-24;18;-155;S
Asus;6;7;-24;17;-155;S
Asus;6;7;-24;16;-155;S
Asus;6;7;-24;15;-155;S
Asus;6;7;-24;14;-155;S
Asus;6;7;-24;13;-155;S
Asus;6;7;-24;12;-155;S
Asus;6;7;-24;11;-155;S
Asus;6;7;-24;10;-155;S
Asus;6;7;-24;9;-155;S
Asus;6;7;-24;8;-155;S
Asus;6;7;-24;7;-155;S
Asus;6;4;-24;6;-155;S
Asus;6;4;-24;5;-155;S
Asus;6;4;-24;4;-155;S
Asus;6;4;-24;3;-155;S
Asus;6;4;-24;2;-155;S
Asus;6;4;-24;1;-155;S
Asus;6;4;-24;0;-155;S
Asus;6;4;-24;-1;-155;S
Asus;6;4;-24;-2;-155;S
Asus;6;4;-24;-3;-155;S
Asus;6;4;-24;-4;-155;S
Asus;6;4;-24;-5;-155;S
Asus;6;4;-24;-6;-155;S
Asus;6;4;-24;-7;-155;S
Asus;6;4;-24;-8;-155;S
Asus;6;1;-24;-9;-155;S
Asus;6;1;-24;-10;-155;S
Asus;6;1;-24;-11;-155;S
Asus;6;1;-24;-12;-155;S
Asus;6;1;-24;-13;-155;S
Asus;6;1;-24;-14;-155;S
Asus;6;1;-24;-15;-155;S
Asus;6;1;-24;-16;-155;S
Asus;6;1;-24;-17;-155;S
Asus;6;1;-24;-18;-155;S
Asus;6;1;-24;-19;-155;S
Asus;6;1;-24;-20;-155;S
Asus;6;7;-23;20;-155;S
Asus;6;7;-23;19;-155;S
Asus;6;7;-23;18;-155;S
Asus;6;7;-23;17;-155;S
Asus;6;7;-23;16;-155;S
Asus;6;7;-23;15;-155;S
Asus;6;7;-23;14;-155;S
Asus;6;7;-23;13;-155;S
Asus;6;7;-23;12;-155;S
Asus;6;7;-23;11;-155;S
Asus;6;7;-23;10;-155;S
Asus;6;7;-23;9;-155;S
Asus;6;7;-23;8;-155;S
Asus;6;4;-23;7;-155;S
Asus;6;4;-23;6;-155;S
Asus;6;4;-23;5;-155;S
Asus;6;4;-23;4;-155;S
Asus;6;4;-23;3;-155;S
Asus;6;4;-23;2;-155;S
Asus;6;4;-23;1;-155;S
Asus;6;4;-23;0;-155;S
Asus;6;4;-23;-1;-155;S
Asus;6;4;-23;-2;-155;S
Asus;6;4;-23;-3;-155;S
Asus;6;4;-23;-4;-155;S
Asus;6;4;-23;-5;-155;S
Asus;6;4;-23;-6;-155;S
Asus;6;4;-23;-7;-155;S
Asus;6;4;-23;-8;-155;S
Asus;6;1;-23;-9;-155;S
Asus;6;1;-23;-10;-155;S
Asus;6;1;-23;-11;-155;S
Asus;6;1;-23;-12;-155;S
Asus;6;1;-23;-13;-155;S
Asus;6;1;-23;-14;-155;S
Asus;6;1;-23;-15;-155;S
Asus;6;1;-23;-16;-155;S
Asus;6;1;-23;-17;-155;S
Asus;6;1;-23;-18;-155;S
Asus;6;1;-23;-19;-155;S
Asus;6;1;-23;-20;-155;S
Asus;6;7;-22;20;-155;S
Asus;6;7;-22;19;-155;S
Asus;6;7;-22;18;-155;S
Asus;6;7;-22;17;-155;S
Asus;6;7;-22;16;-155;S
Asus;6;7;-22;15;-155;S
Asus;6;7;-22;14;-155;S
Asus;6;7;-22;13;-155;S
Asus;6;7;-22;12;-155;S
Asus;6;7;-22;11;-155;S
Asus;6;7;-22;10;-155;S
Asus;6;7;-22;9;-155;S
Asus;6;7;-22;8;-155;S
Asus;6;7;-22;7;-155;S
Asus;6;4;-22;6;-155;S
Asus;6;4;-22;5;-155;S
Asus;6;4;-22;4;-155;S
Asus;6;4;-22;3;-155;S
Asus;6;4;-22;2;-155;S
Asus;6;4;-22;1;-155;S
Asus;6;4;-22;0;-155;S
Asus;6;5;-22;-1;-155;S
Asus;6;4;-22;-2;-155;S
Asus;6;4;-22;-3;-155;S
Asus;6;4;-22;-4;-155;S
Asus;6;4;-22;-5;-155;S
Asus;6;4;-22;-6;-155;S
Asus;6;4;-22;-7;-155;S
Asus;6;4;-22;-8;-155;S
Asus;6;1;-22;-9;-155;S
Asus;6;1;-22;-10;-155;S
Asus;6;1;-22;-11;-155;S
Asus;6;1;-22;-12;-155;S
Asus;6;1;-22;-13;-155;S
Asus;6;1;-22;-14;-155;S
Asus;6;1;-22;-15;-155;S
Asus;6;1;-22;-16;-155;S
Asus;6;1;-22;-17;-155;S
Asus;6;1;-22;-18;-155;S
Asus;6;1;-22;-19;-155;S
Asus;6;2;-22;-20;-155;S
Asus;6;8;-21;20;-155;S
Asus;6;8;-21;19;-155;S
Asus;6;7;-21;18;-155;S
Asus;6;7;-21;17;-155;S
Asus;6;7;-21;16;-155;S
Asus;6;7;-21;15;-155;S
Asus;6;7;-21;14;-155;S
Asus;6;8;-21;13;-155;S
Asus;6;8;-21;12;-155;S
Asus;6;8;-21;11;-155;S
Asus;6;8;-21;10;-155;S
Asus;6;8;-21;9;-155;S
Asus;6;8;-21;8;-155;S
Asus;6;8;-21;7;-155;S
Asus;6;5;-21;6;-155;S
Asus;6;5;-21;5;-155;S
Asus;6;5;-21;4;-155;S
Asus;6;5;-21;3;-155;S
Asus;6;5;-21;2;-155;S
Asus;6;5;-21;1;-155;S
Asus;6;5;-21;0;-155;S
Asus;6;5;-21;-1;-155;S
Asus;6;5;-21;-2;-155;S
Asus;6;5;-21;-3;-155;S
Asus;6;5;-21;-4;-155;S
Asus;6;5;-21;-5;-155;S
Asus;6;5;-21;-6;-155;S
Asus;6;5;-21;-7;-155;S
Asus;6;5;-21;-8;-155;S
Asus;6;5;-21;-9;-155;S
Asus;6;2;-21;-10;-155;S
Asus;6;2;-21;-11;-155;S
Asus;6;2;-21;-12;-155;S
Asus;6;2;-21;-13;-155;S
Asus;6;2;-21;-14;-155;S
Asus;6;2;-21;-15;-155;S
Asus;6;2;-21;-16;-155;S
Asus;6;2;-21;-17;-155;S
Asus;6;2;-21;-18;-155;S
Asus;6;2;-21;-19;-155;S
Asus;6;2;-21;-20;-155;S
Asus;6;8;-20;20;-155;S
Asus;6;8;-20;19;-155;S
Asus;6;8;-20;18;-155;S
Asus;6;8;-20;17;-155;S
Asus;6;8;-20;16;-155;S
Asus;6;8;-20;15;-155;S
Asus;6;8;-20;14;-155;S
Asus;6;8;-20;13;-155;S
Asus;6;8;-20;12;-155;S
Asus;6;8;-20;11;-155;S
Asus;6;8;-20;10;-155;S
Asus;6;8;-20;9;-155;S
Asus;6;8;-20;8;-155;S
Asus;6;5;-20;7;-155;S
Asus;6;5;-20;6;-155;S
Asus;6;5;-20;5;-155;S
Asus;6;5;-20;4;-155;S
Asus;6;5;-20;3;-155;S
Asus;6;5;-20;2;-155;S
Asus;6;5;-20;1;-155;S
Asus;6;5;-20;0;-155;S
Asus;6;5;-20;-1;-155;S
Asus;6;5;-20;-2;-155;S
Asus;6;5;-20;-3;-155;S
Asus;6;5;-20;-4;-155;S
Asus;6;5;-20;-5;-155;S
Asus;6;5;-20;-6;-155;S
Asus;6;5;-20;-7;-155;S
Asus;6;5;-20;-8;-155;S
Asus;6;5;-20;-9;-155;S
Asus;6;2;-20;-10;-155;S
Asus;6;2;-20;-11;-155;S
Asus;6;2;-20;-12;-155;S
Asus;6;2;-20;-13;-155;S
Asus;6;2;-20;-14;-155;S
Asus;6;2;-20;-15;-155;S
Asus;6;2;-20;-16;-155;S
Asus;6;2;-20;-17;-155;S
Asus;6;2;-20;-18;-155;S
Asus;6;2;-20;-19;-155;S
Asus;6;2;-20;-20;-155;S
Asus;6;8;-19;20;-155;S
Asus;6;8;-19;19;-155;S
Asus;6;8;-19;18;-155;S
Asus;6;8;-19;17;-155;S
Asus;6;8;-19;16;-155;S
Asus;6;8;-19;15;-155;S
Asus;6;8;-19;14;-155;S
Asus;6;8;-19;13;-155;S
Asus;6;8;-19;12;-155;S
Asus;6;8;-19;11;-155;S
Asus;6;8;-19;10;-155;S
Asus;6;8;-19;9;-155;S
Asus;6;8;-19;8;-155;S
Asus;6;5;-19;7;-155;S
Asus;6;5;-19;6;-155;S
Asus;6;5;-19;5;-155;S
Asus;6;5;-19;4;-155;S
Asus;6;5;-19;3;-155;S
Asus;6;5;-19;2;-155;S
Asus;6;5;-19;1;-155;S
Asus;6;5;-19;0;-155;S
Asus;6;5;-19;-1;-155;S
Asus;6;5;-19;-2;-155;S
Asus;6;5;-19;-3;-155;S
Asus;6;5;-19;-4;-155;S
Asus;6;5;-19;-5;-155;S
Asus;6;5;-19;-6;-155;S
Asus;6;5;-19;-7;-155;S
Asus;6;5;-19;-8;-155;S
Asus;6;5;-19;-9;-155;S
Asus;6;2;-19;-10;-155;S
Asus;6;2;-19;-11;-155;S
Asus;6;2;-19;-12;-155;S
Asus;6;2;-19;-13;-155;S
Asus;6;2;-19;-14;-155;S
Asus;6;2;-19;-15;-155;S
Asus;6;2;-19;-16;-155;S
Asus;6;2;-19;-17;-155;S
Asus;6;2;-19;-18;-155;S
Asus;6;2;-19;-19;-155;S
Asus;6;2;-19;-20;-155;S
Asus;6;8;-18;20;-155;S
Asus;6;8;-18;19;-155;S
Asus;6;8;-18;18;-155;S
Asus;6;8;-18;17;-155;S
Asus;6;8;-18;16;-155;S
Asus;6;8;-18;15;-155;S
Asus;6;8;-18;14;-155;S
Asus;6;8;-18;13;-155;S
Asus;6;8;-18;12;-155;S
Asus;6;8;-18;11;-155;S
Asus;6;8;-18;10;-155;S
Asus;6;8;-18;9;-155;S
Asus;6;8;-18;8;-155;S
Asus;6;5;-18;7;-155;S
Asus;6;5;-18;6;-155;S
Asus;6;5;-18;5;-155;S
Asus;6;5;-18;4;-155;S
Asus;6;5;-18;3;-155;S
Asus;6;5;-18;2;-155;S
Asus;6;5;-18;1;-155;S
Asus;6;5;-18;0;-155;S
Asus;6;5;-18;-1;-155;S
Asus;6;5;-18;-2;-155;S
Asus;6;5;-18;-3;-155;S
Asus;6;5;-18;-4;-155;S
Asus;6;5;-18;-5;-155;S
Asus;6;5;-18;-6;-155;S
Asus;6;5;-18;-7;-155;S
Asus;6;5;-18;-8;-155;S
Asus;6;5;-18;-9;-155;S
Asus;6;2;-18;-10;-155;S
Asus;6;2;-18;-11;-155;S
Asus;6;2;-18;-12;-155;S
Asus;6;2;-18;-13;-155;S
Asus;6;2;-18;-14;-155;S
Asus;6;2;-18;-15;-155;S
Asus;6;2;-18;-16;-155;S
Asus;6;2;-18;-17;-155;S
Asus;6;2;-18;-18;-155;S
Asus;6;2;-18;-19;-155;S
Asus;6;2;-18;-20;-155;S
Asus;6;8;-17;20;-155;S
Asus;6;8;-17;19;-155;S
Asus;6;8;-17;18;-155;S
Asus;6;8;-17;17;-155;S
Asus;6;8;-17;16;-155;S
Asus;6;8;-17;15;-155;S
Asus;6;8;-17;14;-155;S
Asus;6;8;-17;13;-155;S
Asus;6;8;-17;12;-155;S
Asus;6;8;-17;11;-155;S
Asus;6;8;-17;10;-155;S
Asus;6;8;-17;9;-155;S
Asus;6;8;-17;8;-155;S
Asus;6;5;-17;7;-155;S
Asus;6;5;-17;6;-155;S
Asus;6;5;-17;5;-155;S
Asus;6;5;-17;4;-155;S
Asus;6;5;-17;3;-155;S
Asus;6;5;-17;2;-155;S
Asus;6;5;-17;1;-155;S
Asus;6;5;-17;0;-155;S
Asus;6;5;-17;-1;-155;S
Asus;6;5;-17;-2;-155;S
Asus;6;5;-17;-3;-155;S
Asus;6;5;-17;-4;-155;S
Asus;6;5;-17;-5;-155;S
Asus;6;5;-17;-6;-155;S
Asus;6;5;-17;-7;-155;S
Asus;6;5;-17;-8;-155;S
Asus;6;5;-17;-9;-155;S
Asus;6;2;-17;-10;-155;S
Asus;6;2;-17;-11;-155;S
Asus;6;2;-17;-12;-155;S
Asus;6;2;-17;-13;-155;S
Asus;6;2;-17;-14;-155;S
Asus;6;2;-17;-15;-155;S
Asus;6;2;-17;-16;-155;S
Asus;6;2;-17;-17;-155;S
Asus;6;2;-17;-18;-155;S
Asus;6;2;-17;-19;-155;S
Asus;6;2;-17;-20;-155;S
Asus;6;8;-16;20;-155;S
Asus;6;8;-16;19;-155;S
Asus;6;8;-16;18;-155;S
Asus;6;8;-16;17;-155;S
Asus;6;8;-16;16;-155;S
Asus;6;8;-16;15;-155;S
Asus;6;8;-16;14;-155;S
Asus;6;8;-16;13;-155;S
Asus;6;8;-16;12;-155;S
Asus;6;8;-16;11;-155;S
Asus;6;8;-16;10;-155;S
Asus;6;8;-16;9;-155;S
Asus;6;8;-16;8;-155;S
Asus;6;5;-16;7;-155;S
Asus;6;5;-16;6;-155;S
Asus;6;5;-16;5;-155;S
Asus;6;5;-16;4;-155;S
Asus;6;5;-16;3;-155;S
Asus;6;5;-16;2;-155;S
Asus;6;5;-16;1;-155;S
Asus;6;5;-16;0;-155;S
Asus;6;5;-16;-1;-155;S
Asus;6;5;-16;-2;-155;S
Asus;6;5;-16;-3;-155;S
Asus;6;5;-16;-4;-155;S
Asus;6;5;-16;-5;-155;S
Asus;6;5;-16;-6;-155;S
Asus;6;5;-16;-7;-155;S
Asus;6;5;-16;-8;-155;S
Asus;6;5;-16;-9;-155;S
Asus;6;2;-16;-10;-155;S
Asus;6;2;-16;-11;-155;S
Asus;6;2;-16;-12;-155;S
Asus;6;2;-16;-13;-155;S
Asus;6;2;-16;-14;-155;S
Asus;6;2;-16;-15;-155;S
Asus;6;2;-16;-16;-155;S
Asus;6;2;-16;-17;-155;S
Asus;6;2;-16;-18;-155;S
Asus;6;2;-16;-19;-155;S
Asus;6;2;-16;-20;-155;S
Asus;6;8;-15;20;-155;S
Asus;6;8;-15;19;-155;S
Asus;6;8;-15;18;-155;S
Asus;6;8;-15;17;-155;S
Asus;6;8;-15;16;-155;S
Asus;6;8;-15;15;-155;S
Asus;6;8;-15;14;-155;S
Asus;6;8;-15;13;-155;S
Asus;6;8;-15;12;-155;S
Asus;6;8;-15;11;-155;S
Asus;6;8;-15;10;-155;S
Asus;6;8;-15;9;-155;S
Asus;6;8;-15;8;-155;S
Asus;6;5;-15;7;-155;S
Asus;6;5;-15;6;-155;S
Asus;6;5;-15;5;-155;S
Asus;6;5;-15;4;-155;S
Asus;6;5;-15;3;-155;S
Asus;6;5;-15;2;-155;S
Asus;6;5;-15;1;-155;S
Asus;6;5;-15;0;-155;S
Asus;6;5;-15;-1;-155;S
Asus;6;5;-15;-2;-155;S
Asus;6;5;-15;-3;-155;S
Asus;6;5;-15;-4;-155;S
Asus;6;5;-15;-5;-155;S
Asus;6;5;-15;-6;-155;S
Asus;6;5;-15;-7;-155;S
Asus;6;5;-15;-8;-155;S
Asus;6;5;-15;-9;-155;S
Asus;6;2;-15;-10;-155;S
Asus;6;2;-15;-11;-155;S
Asus;6;2;-15;-12;-155;S
Asus;6;2;-15;-13;-155;S
Asus;6;2;-15;-14;-155;S
Asus;6;2;-15;-15;-155;S
Asus;6;2;-15;-16;-155;S
Asus;6;2;-15;-17;-155;S
Asus;6;2;-15;-18;-155;S
Asus;6;2;-15;-19;-155;S
Asus;6;2;-15;-20;-155;S
Asus;6;8;-14;20;-155;S
Asus;6;8;-14;19;-155;S
Asus;6;8;-14;18;-155;S
Asus;6;8;-14;17;-155;S
Asus;6;8;-14;16;-155;S
Asus;6;8;-14;15;-155;S
Asus;6;8;-14;14;-155;S
Asus;6;8;-14;13;-155;S
Asus;6;8;-14;12;-155;S
Asus;6;8;-14;11;-155;S
Asus;6;8;-14;10;-155;S
Asus;6;8;-14;9;-155;S
Asus;6;8;-14;8;-155;S
Asus;6;5;-14;7;-155;S
Asus;6;5;-14;6;-155;S
Asus;6;5;-14;5;-155;S
Asus;6;5;-14;4;-155;S
Asus;6;5;-14;3;-155;S
Asus;6;5;-14;2;-155;S
Asus;6;5;-14;1;-155;S
Asus;6;5;-14;0;-155;S
Asus;6;5;-14;-1;-155;S
Asus;6;5;-14;-2;-155;S
Asus;6;5;-14;-3;-155;S
Asus;6;5;-14;-4;-155;S
Asus;6;5;-14;-5;-155;S
Asus;6;5;-14;-6;-155;S
Asus;6;5;-14;-7;-155;S
Asus;6;5;-14;-8;-155;S
Asus;6;5;-14;-9;-155;S
Asus;6;2;-14;-10;-155;S
Asus;6;2;-14;-11;-155;S
Asus;6;2;-14;-12;-155;S
Asus;6;2;-14;-13;-155;S
Asus;6;2;-14;-14;-155;S
Asus;6;2;-14;-15;-155;S
Asus;6;2;-14;-16;-155;S
Asus;6;2;-14;-17;-155;S
Asus;6;2;-14;-18;-155;S
Asus;6;2;-14;-19;-155;S
Asus;6;2;-14;-20;-155;S
Asus;6;8;-13;20;-155;S
Asus;6;8;-13;19;-155;S
Asus;6;8;-13;18;-155;S
Asus;6;8;-13;17;-155;S
Asus;6;8;-13;16;-155;S
Asus;6;8;-13;15;-155;S
Asus;6;8;-13;14;-155;S
Asus;6;8;-13;13;-155;S
Asus;6;8;-13;12;-155;S
Asus;6;8;-13;11;-155;S
Asus;6;8;-13;10;-155;S
Asus;6;8;-13;9;-155;S
Asus;6;8;-13;8;-155;S
Asus;6;5;-13;7;-155;S
Asus;6;5;-13;6;-155;S
Asus;6;5;-13;5;-155;S
Asus;6;5;-13;4;-155;S
Asus;6;5;-13;3;-155;S
Asus;6;5;-13;2;-155;S
Asus;6;5;-13;1;-155;S
Asus;6;5;-13;0;-155;S
Asus;6;5;-13;-1;-155;S
Asus;6;5;-13;-2;-155;S
Asus;6;5;-13;-3;-155;S
Asus;6;5;-13;-4;-155;S
Asus;6;5;-13;-5;-155;S
Asus;6;5;-13;-6;-155;S
Asus;6;5;-13;-7;-155;S
Asus;6;5;-13;-8;-155;S
Asus;6;5;-13;-9;-155;S
Asus;6;2;-13;-10;-155;S
Asus;6;2;-13;-11;-155;S
Asus;6;2;-13;-12;-155;S
Asus;6;2;-13;-13;-155;S
Asus;6;2;-13;-14;-155;S
Asus;6;2;-13;-15;-155;S
Asus;6;2;-13;-16;-155;S
Asus;6;2;-13;-17;-155;S
Asus;6;2;-13;-18;-155;S
Asus;6;2;-13;-19;-155;S
Asus;6;2;-13;-20;-155;S
Asus;6;8;-12;20;-155;S
Asus;6;8;-12;19;-155;S
Asus;6;8;-12;18;-155;S
Asus;6;8;-12;17;-155;S
Asus;6;8;-12;16;-155;S
Asus;6;8;-12;15;-155;S
Asus;6;8;-12;14;-155;S
Asus;6;8;-12;13;-155;S
Asus;6;8;-12;12;-155;S
Asus;6;8;-12;11;-155;S
Asus;6;8;-12;10;-155;S
Asus;6;8;-12;9;-155;S
Asus;6;8;-12;8;-155;S
Asus;6;5;-12;7;-155;S
Asus;6;5;-12;6;-155;S
Asus;6;5;-12;5;-155;S
Asus;6;5;-12;4;-155;S
Asus;6;5;-12;3;-155;S
Asus;6;5;-12;2;-155;S
Asus;6;5;-12;1;-155;S
Asus;6;5;-12;0;-155;S
Asus;6;5;-12;-1;-155;S
Asus;6;5;-12;-2;-155;S
Asus;6;5;-12;-3;-155;S
Asus;6;5;-12;-4;-155;S
Asus;6;5;-12;-5;-155;S
Asus;6;5;-12;-6;-155;S
Asus;6;5;-12;-7;-155;S
Asus;6;5;-12;-8;-155;S
Asus;6;2;-12;-9;-155;S
Asus;6;2;-12;-10;-155;S
Asus;6;2;-12;-11;-155;S
Asus;6;2;-12;-12;-155;S
Asus;6;2;-12;-13;-155;S
Asus;6;2;-12;-14;-155;S
Asus;6;2;-12;-15;-155;S
Asus;6;2;-12;-16;-155;S
Asus;6;2;-12;-17;-155;S
Asus;6;2;-12;-18;-155;S
Asus;6;2;-12;-19;-155;S
Asus;6;2;-12;-20;-155;S
Asus;6;8;-11;20;-155;S
Asus;6;8;-11;19;-155;S
Asus;6;8;-11;18;-155;S
Asus;6;8;-11;17;-155;S
Asus;6;8;-11;16;-155;S
Asus;6;8;-11;15;-155;S
Asus;6;8;-11;14;-155;S
Asus;6;8;-11;13;-155;S
Asus;6;8;-11;12;-155;S
Asus;6;8;-11;11;-155;S
Asus;6;8;-11;10;-155;S
Asus;6;8;-11;9;-155;S
Asus;6;8;-11;8;-155;S
Asus;6;5;-11;7;-155;S
Asus;6;5;-11;6;-155;S
Asus;6;5;-11;5;-155;S
Asus;6;5;-11;4;-155;S
Asus;6;5;-11;3;-155;S
Asus;6;5;-11;2;-155;S
Asus;6;5;-11;1;-155;S
Asus;6;5;-11;0;-155;S
Asus;6;5;-11;-1;-155;S
Asus;6;5;-11;-2;-155;S
Asus;6;5;-11;-3;-155;S
Asus;6;5;-11;-4;-155;S
Asus;6;5;-11;-5;-155;S
Asus;6;5;-11;-6;-155;S
Asus;6;5;-11;-7;-155;S
Asus;6;5;-11;-8;-155;S
Asus;6;5;-11;-9;-155;S
Asus;6;2;-11;-10;-155;S
Asus;6;2;-11;-11;-155;S
Asus;6;2;-11;-12;-155;S
Asus;6;2;-11;-13;-155;S
Asus;6;2;-11;-14;-155;S
Asus;6;2;-11;-15;-155;S
Asus;6;2;-11;-16;-155;S
Asus;6;2;-11;-17;-155;S
Asus;6;2;-11;-18;-155;S
Asus;6;2;-11;-19;-155;S
Asus;6;2;-11;-20;-155;S
Asus;6;8;-10;20;-155;S
Asus;6;8;-10;19;-155;S
Asus;6;8;-10;18;-155;S
Asus;6;8;-10;17;-155;S
Asus;6;8;-10;16;-155;S
Asus;6;8;-10;15;-155;S
Asus;6;8;-10;14;-155;S
Asus;6;8;-10;13;-155;S
Asus;6;8;-10;12;-155;S
Asus;6;8;-10;11;-155;S
Asus;6;8;-10;10;-155;S
Asus;6;8;-10;9;-155;S
Asus;6;8;-10;8;-155;S
Asus;6;5;-10;7;-155;S
Asus;6;5;-10;6;-155;S
Asus;6;5;-10;5;-155;S
Asus;6;5;-10;4;-155;S
Asus;6;5;-10;3;-155;S
Asus;6;5;-10;2;-155;S
Asus;6;5;-10;1;-155;S
Asus;6;5;-10;0;-155;S
Asus;6;5;-10;-1;-155;S
Asus;6;5;-10;-2;-155;S
Asus;6;5;-10;-3;-155;S
Asus;6;5;-10;-4;-155;S
Asus;6;5;-10;-5;-155;S
Asus;6;5;-10;-6;-155;S
Asus;6;5;-10;-7;-155;S
Asus;6;5;-10;-8;-155;S
Asus;6;5;-10;-9;-155;S
Asus;6;2;-10;-10;-155;S
Asus;6;2;-10;-11;-155;S
Asus;6;2;-10;-12;-155;S
Asus;6;2;-10;-13;-155;S
Asus;6;2;-10;-14;-155;S
Asus;6;2;-10;-15;-155;S
Asus;6;2;-10;-16;-155;S
Asus;6;2;-10;-17;-155;S
Asus;6;2;-10;-18;-155;S
Asus;6;2;-10;-19;-155;S
Asus;6;2;-10;-20;-155;S
Asus;6;8;-9;20;-155;S
Asus;6;8;-9;19;-155;S
Asus;6;8;-9;18;-155;S
Asus;6;8;-9;17;-155;S
Asus;6;8;-9;16;-155;S
Asus;6;8;-9;15;-155;S
Asus;6;8;-9;14;-155;S
Asus;6;8;-9;13;-155;S
Asus;6;8;-9;12;-155;S
Asus;6;8;-9;11;-155;S
Asus;6;8;-9;10;-155;S
Asus;6;8;-9;9;-155;S
Asus;6;5;-9;8;-155;S
Asus;6;5;-9;7;-155;S
Asus;6;5;-9;6;-155;S
Asus;6;5;-9;5;-155;S
Asus;6;5;-9;4;-155;S
Asus;6;5;-9;3;-155;S
Asus;6;5;-9;2;-155;S
Asus;6;5;-9;1;-155;S
Asus;6;5;-9;0;-155;S
Asus;6;5;-9;-1;-155;S
Asus;6;5;-9;-2;-155;S
Asus;6;5;-9;-3;-155;S
Asus;6;5;-9;-4;-155;S
Asus;6;5;-9;-5;-155;S
Asus;6;5;-9;-6;-155;S
Asus;6;5;-9;-7;-155;S
Asus;6;5;-9;-8;-155;S
Asus;6;2;-9;-9;-155;S
Asus;6;2;-9;-10;-155;S
Asus;6;2;-9;-11;-155;S
Asus;6;2;-9;-12;-155;S
Asus;6;2;-9;-13;-155;S
Asus;6;2;-9;-14;-155;S
Asus;6;2;-9;-15;-155;S
Asus;6;2;-9;-16;-155;S
Asus;6;2;-9;-17;-155;S
Asus;6;2;-9;-18;-155;S
Asus;6;2;-9;-19;-155;S
Asus;6;2;-9;-20;-155;S
Asus;6;8;-8;20;-155;S
Asus;6;8;-8;19;-155;S
Asus;6;8;-8;18;-155;S
Asus;6;8;-8;17;-155;S
Asus;6;8;-8;16;-155;S
Asus;6;8;-8;15;-155;S
Asus;6;8;-8;14;-155;S
Asus;6;8;-8;13;-155;S
Asus;6;8;-8;12;-155;S
Asus;6;8;-8;11;-155;S
Asus;6;8;-8;10;-155;S
Asus;6;8;-8;9;-155;S
Asus;6;8;-8;8;-155;S
Asus;6;5;-8;7;-155;S
Asus;6;5;-8;6;-155;S
Asus;6;5;-8;5;-155;S
Asus;6;5;-8;4;-155;S
Asus;6;5;-8;3;-155;S
Asus;6;5;-8;2;-155;S
Asus;6;5;-8;1;-155;S
Asus;6;5;-8;0;-155;S
Asus;6;5;-8;-1;-155;S
Asus;6;5;-8;-2;-155;S
Asus;6;5;-8;-3;-155;S
Asus;6;5;-8;-4;-155;S
Asus;6;5;-8;-5;-155;S
Asus;6;5;-8;-6;-155;S
Asus;6;5;-8;-7;-155;S
Asus;6;5;-8;-8;-155;S
Asus;6;2;-8;-9;-155;S
Asus;6;2;-8;-10;-155;S
Asus;6;2;-8;-11;-155;S
Asus;6;2;-8;-12;-155;S
Asus;6;2;-8;-13;-155;S
Asus;6;2;-8;-14;-155;S
Asus;6;2;-8;-15;-155;S
Asus;6;2;-8;-16;-155;S
Asus;6;2;-8;-17;-155;S
Asus;6;2;-8;-18;-155;S
Asus;6;2;-8;-19;-155;S
Asus;6;2;-8;-20;-155;S
Asus;6;8;-7;20;-155;S
Asus;6;8;-7;19;-155;S
Asus;6;8;-7;18;-155;S
Asus;6;8;-7;17;-155;S
Asus;6;8;-7;16;-155;S
Asus;6;8;-7;15;-155;S
Asus;6;8;-7;14;-155;S
Asus;6;8;-7;13;-155;S
Asus;6;8;-7;12;-155;S
Asus;6;8;-7;11;-155;S
Asus;6;8;-7;10;-155;S
Asus;6;8;-7;9;-155;S
Asus;6;8;-7;8;-155;S
Asus;6;5;-7;7;-155;S
Asus;6;5;-7;6;-155;S
Asus;6;5;-7;5;-155;S
Asus;6;5;-7;4;-155;S
Asus;6;5;-7;3;-155;S
Asus;6;5;-7;2;-155;S
Asus;6;5;-7;1;-155;S
Asus;6;5;-7;0;-155;S
Asus;6;5;-7;-1;-155;S
Asus;6;5;-7;-2;-155;S
Asus;6;5;-7;-3;-155;S
Asus;6;5;-7;-4;-155;S
Asus;6;5;-7;-5;-155;S
Asus;6;5;-7;-6;-155;S
Asus;6;5;-7;-7;-155;S
Asus;6;5;-7;-8;-155;S
Asus;6;5;-7;-9;-155;S
Asus;6;2;-7;-10;-155;S
Asus;6;2;-7;-11;-155;S
Asus;6;2;-7;-12;-155;S
Asus;6;2;-7;-13;-155;S
Asus;6;2;-7;-14;-155;S
Asus;6;2;-7;-15;-155;S
Asus;6;2;-7;-16;-155;S
Asus;6;2;-7;-17;-155;S
Asus;6;2;-7;-18;-155;S
Asus;6;2;-7;-19;-155;S
Asus;6;2;-7;-20;-155;S
Asus;6;8;-6;20;-155;S
Asus;6;8;-6;19;-155;S
Asus;6;8;-6;18;-155;S
Asus;6;8;-6;17;-155;S
Asus;6;8;-6;16;-155;S
Asus;6;8;-6;15;-155;S
Asus;6;8;-6;14;-155;S
Asus;6;8;-6;13;-155;S
Asus;6;8;-6;12;-155;S
Asus;6;8;-6;11;-155;S
Asus;6;8;-6;10;-155;S
Asus;6;8;-6;9;-155;S
Asus;6;8;-6;8;-155;S
Asus;6;5;-6;7;-155;S
Asus;6;5;-6;6;-155;S
Asus;6;5;-6;5;-155;S
Asus;6;5;-6;4;-155;S
Asus;6;5;-6;3;-155;S
Asus;6;5;-6;2;-155;S
Asus;6;5;-6;1;-155;S
Asus;6;5;-6;0;-155;S
Asus;6;5;-6;-1;-155;S
Asus;6;5;-6;-2;-155;S
Asus;6;5;-6;-3;-155;S
Asus;6;5;-6;-4;-155;S
Asus;6;5;-6;-5;-155;S
Asus;6;5;-6;-6;-155;S
Asus;6;5;-6;-7;-155;S
Asus;6;5;-6;-8;-155;S
Asus;6;2;-6;-9;-155;S
Asus;6;2;-6;-10;-155;S
Asus;6;2;-6;-11;-155;S
Asus;6;2;-6;-12;-155;S
Asus;6;2;-6;-13;-155;S
Asus;6;2;-6;-14;-155;S
Asus;6;3;-6;-15;-155;S
Asus;6;2;-6;-16;-155;S
Asus;6;2;-6;-17;-155;S
Asus;6;2;-6;-18;-155;S
Asus;6;2;-6;-19;-155;S
Asus;6;2;-6;-20;-155;S
Asus;6;8;-5;20;-155;S
Asus;6;8;-5;19;-155;S
Asus;6;8;-5;18;-155;S
Asus;6;9;-5;17;-155;S
Asus;6;8;-5;16;-155;S
Asus;6;8;-5;15;-155;S
Asus;6;8;-5;14;-155;S
Asus;6;8;-5;13;-155;S
Asus;6;8;-5;12;-155;S
Asus;6;8;-5;11;-155;S
Asus;6;9;-5;10;-155;S
Asus;6;8;-5;9;-155;S
Asus;6;9;-5;8;-155;S
Asus;6;5;-5;7;-155;S
Asus;6;5;-5;6;-155;S
Asus;6;5;-5;5;-155;S
Asus;6;5;-5;4;-155;S
Asus;6;5;-5;3;-155;S
Asus;6;5;-5;2;-155;S
Asus;6;5;-5;1;-155;S
Asus;6;6;-5;0;-155;S
Asus;6;5;-5;-1;-155;S
Asus;6;6;-5;-2;-155;S
Asus;6;6;-5;-3;-155;S
Asus;6;6;-5;-4;-155;S
Asus;6;5;-5;-5;-155;S
Asus;6;6;-5;-6;-155;S
Asus;6;6;-5;-7;-155;S
Asus;6;6;-5;-8;-155;S
Asus;6;3;-5;-9;-155;S
Asus;6;3;-5;-10;-155;S
Asus;6;3;-5;-11;-155;S
Asus;6;3;-5;-12;-155;S
Asus;6;3;-5;-13;-155;S
Asus;6;3;-5;-14;-155;S
Asus;6;3;-5;-15;-155;S
Asus;6;3;-5;-16;-155;S
Asus;6;3;-5;-17;-155;S
Asus;6;3;-5;-18;-155;S
Asus;6;3;-5;-19;-155;S
Asus;6;3;-5;-20;-155;S
Asus;6;9;-4;20;-155;S
Asus;6;9;-4;19;-155;S
Asus;6;9;-4;18;-155;S
Asus;6;9;-4;17;-155;S
Asus;6;9;-4;16;-155;S
Asus;6;9;-4;15;-155;S
Asus;6;9;-4;14;-155;S
Asus;6;9;-4;13;-155;S
Asus;6;9;-4;12;-155;S
Asus;6;9;-4;11;-155;S
Asus;6;9;-4;10;-155;S
Asus;6;9;-4;9;-155;S
Asus;6;9;-4;8;-155;S
Asus;6;6;-4;7;-155;S
Asus;6;6;-4;6;-155;S
Asus;6;6;-4;5;-155;S
Asus;6;6;-4;4;-155;S
Asus;6;6;-4;3;-155;S
Asus;6;6;-4;2;-155;S
Asus;6;6;-4;1;-155;S
Asus;6;6;-4;0;-155;S
Asus;6;6;-4;-1;-155;S
Asus;6;6;-4;-2;-155;S
Asus;6;6;-4;-3;-155;S
Asus;6;6;-4;-4;-155;S
Asus;6;6;-4;-5;-155;S
Asus;6;6;-4;-6;-155;S
Asus;6;6;-4;-7;-155;S
Asus;6;6;-4;-8;-155;S
Asus;6;3;-4;-9;-155;S
Asus;6;3;-4;-10;-155;S
Asus;6;3;-4;-11;-155;S
Asus;6;3;-4;-12;-155;S
Asus;6;3;-4;-13;-155;S
Asus;6;3;-4;-14;-155;S
Asus;6;3;-4;-15;-155;S
Asus;6;3;-4;-16;-155;S
Asus;6;3;-4;-17;-155;S
Asus;6;3;-4;-18;-155;S
Asus;6;3;-4;-19;-155;S
Asus;6;3;-4;-20;-155;S
Asus;6;9;-3;20;-155;S
Asus;6;9;-3;19;-155;S
Asus;6;9;-3;18;-155;S
Asus;6;9;-3;17;-155;S
Asus;6;9;-3;16;-155;S
Asus;6;9;-3;15;-155;S
Asus;6;9;-3;14;-155;S
Asus;6;9;-3;13;-155;S
Asus;6;9;-3;12;-155;S
Asus;6;9;-3;11;-155;S
Asus;6;9;-3;10;-155;S
Asus;6;9;-3;9;-155;S
Asus;6;9;-3;8;-155;S
Asus;6;6;-3;7;-155;S
Asus;6;6;-3;6;-155;S
Asus;6;6;-3;5;-155;S
Asus;6;6;-3;4;-155;S
Asus;6;6;-3;3;-155;S
Asus;6;6;-3;2;-155;S
Asus;6;6;-3;1;-155;S
Asus;6;6;-3;0;-155;S
Asus;6;6;-3;-1;-155;S
Asus;6;6;-3;-2;-155;S
Asus;6;6;-3;-3;-155;S
Asus;6;6;-3;-4;-155;S
Asus;6;6;-3;-5;-155;S
Asus;6;6;-3;-6;-155;S
Asus;6;6;-3;-7;-155;S
Asus;6;6;-3;-8;-155;S
Asus;6;3;-3;-9;-155;S
Asus;6;3;-3;-10;-155;S
Asus;6;3;-3;-11;-155;S
Asus;6;3;-3;-12;-155;S
Asus;6;3;-3;-13;-155;S
Asus;6;3;-3;-14;-155;S
Asus;6;3;-3;-15;-155;S
Asus;6;3;-3;-16;-155;S
Asus;6;3;-3;-17;-155;S
Asus;6;3;-3;-18;-155;S
Asus;6;3;-3;-19;-155;S
Asus;6;3;-3;-20;-155;S
Asus;6;9;-2;20;-155;S
Asus;6;9;-2;19;-155;S
Asus;6;9;-2;18;-155;S
Asus;6;9;-2;17;-155;S
Asus;6;9;-2;16;-155;S
Asus;6;9;-2;15;-155;S
Asus;6;9;-2;14;-155;S
Asus;6;9;-2;13;-155;S
Asus;6;9;-2;12;-155;S
Asus;6;9;-2;11;-155;S
Asus;6;9;-2;10;-155;S
Asus;6;9;-2;9;-155;S
Asus;6;9;-2;8;-155;S
Asus;6;6;-2;7;-155;S
Asus;6;6;-2;6;-155;S
Asus;6;6;-2;5;-155;S
Asus;6;6;-2;4;-155;S
Asus;6;6;-2;3;-155;S
Asus;6;6;-2;2;-155;S
Asus;6;6;-2;1;-155;S
Asus;6;6;-2;0;-155;S
Asus;6;6;-2;-1;-155;S
Asus;6;6;-2;-2;-155;S
Asus;6;6;-2;-3;-155;S
Asus;6;6;-2;-4;-155;S
Asus;6;6;-2;-5;-155;S
Asus;6;6;-2;-6;-155;S
Asus;6;6;-2;-7;-155;S
Asus;6;6;-2;-8;-155;S
Asus;6;3;-2;-9;-155;S
Asus;6;3;-2;-10;-155;S
Asus;6;3;-2;-11;-155;S
Asus;6;3;-2;-12;-155;S
Asus;6;3;-2;-13;-155;S
Asus;6;3;-2;-14;-155;S
Asus;6;3;-2;-15;-155;S
Asus;6;3;-2;-16;-155;S
Asus;6;3;-2;-17;-155;S
Asus;6;3;-2;-18;-155;S
Asus;6;3;-2;-19;-155;S
Asus;6;3;-2;-20;-155;S
Asus;6;9;-1;20;-155;S
Asus;6;9;-1;19;-155;S
Asus;6;9;-1;18;-155;S
Asus;6;9;-1;17;-155;S
Asus;6;9;-1;16;-155;S
Asus;6;9;-1;15;-155;S
Asus;6;9;-1;14;-155;S
Asus;6;9;-1;13;-155;S
Asus;6;9;-1;12;-155;S
Asus;6;9;-1;11;-155;S
Asus;6;9;-1;10;-155;S
Asus;6;9;-1;9;-155;S
Asus;6;9;-1;8;-155;S
Asus;6;6;-1;7;-155;S
Asus;6;6;-1;6;-155;S
Asus;6;6;-1;5;-155;S
Asus;6;6;-1;4;-155;S
Asus;6;6;-1;3;-155;S
Asus;6;6;-1;2;-155;S
Asus;6;6;-1;1;-155;S
Asus;6;6;-1;0;-155;S
Asus;6;6;-1;-1;-155;S
Asus;6;6;-1;-2;-155;S
Asus;6;6;-1;-3;-155;S
Asus;6;6;-1;-4;-155;S
Asus;6;6;-1;-5;-155;S
Asus;6;6;-1;-6;-155;S
Asus;6;6;-1;-7;-155;S
Asus;6;6;-1;-8;-155;S
Asus;6;3;-1;-9;-155;S
Asus;6;3;-1;-10;-155;S
Asus;6;3;-1;-11;-155;S
Asus;6;3;-1;-12;-155;S
Asus;6;3;-1;-13;-155;S
Asus;6;3;-1;-14;-155;S
Asus;6;3;-1;-15;-155;S
Asus;6;3;-1;-16;-155;S
Asus;6;3;-1;-17;-155;S
Asus;6;3;-1;-18;-155;S
Asus;6;3;-1;-19;-155;S
Asus;6;3;-1;-20;-155;S
Asus;6;9;0;20;-155;S
Asus;6;9;0;19;-155;S
Asus;6;9;0;18;-155;S
Asus;6;9;0;17;-155;S
Asus;6;9;0;16;-155;S
Asus;6;9;0;15;-155;S
Asus;6;9;0;14;-155;S
Asus;6;9;0;13;-155;S
Asus;6;9;0;12;-155;S
Asus;6;9;0;11;-155;S
Asus;6;9;0;10;-155;S
Asus;6;9;0;9;-155;S
Asus;6;6;0;8;-155;S
Asus;6;6;0;7;-155;S
Asus;6;6;0;6;-155;S
Asus;6;6;0;5;-155;S
Asus;6;6;0;4;-155;S
Asus;6;6;0;3;-155;S
Asus;6;6;0;2;-155;S
Asus;6;6;0;1;-155;S
Asus;6;6;0;0;-155;S
Asus;6;6;0;-1;-155;S
Asus;6;6;0;-2;-155;S
Asus;6;6;0;-3;-155;S
Asus;6;6;0;-4;-155;S
Asus;6;6;0;-5;-155;S
Asus;6;6;0;-6;-155;S
Asus;6;6;0;-7;-155;S
Asus;6;6;0;-8;-155;S
Asus;6;3;0;-9;-155;S
Asus;6;3;0;-10;-155;S
Asus;6;3;0;-11;-155;S
Asus;6;3;0;-12;-155;S
Asus;6;3;0;-13;-155;S
Asus;6;3;0;-14;-155;S
Asus;6;3;0;-15;-155;S
Asus;6;3;0;-16;-155;S
Asus;6;3;0;-17;-155;S
Asus;6;3;0;-18;-155;S
Asus;6;3;0;-19;-155;S
Asus;6;3;0;-20;-155;S
Asus;6;9;1;20;-155;S
Asus;6;9;1;19;-155;S
Asus;6;9;1;18;-155;S
Asus;6;9;1;17;-155;S
Asus;6;9;1;16;-155;S
Asus;6;9;1;15;-155;S
Asus;6;9;1;14;-155;S
Asus;6;9;1;13;-155;S
Asus;6;9;1;12;-155;S
Asus;6;9;1;11;-155;S
Asus;6;9;1;10;-155;S
Asus;6;9;1;9;-155;S
Asus;6;6;1;8;-155;S
Asus;6;6;1;7;-155;S
Asus;6;6;1;6;-155;S
Asus;6;6;1;5;-155;S
Asus;6;6;1;4;-155;S
Asus;6;6;1;3;-155;S
Asus;6;6;1;2;-155;S
Asus;6;6;1;1;-155;S
Asus;6;6;1;0;-155;S
Asus;6;6;1;-1;-155;S
Asus;6;6;1;-2;-155;S
Asus;6;6;1;-3;-155;S
Asus;6;6;1;-4;-155;S
Asus;6;6;1;-5;-155;S
Asus;6;6;1;-6;-155;S
Asus;6;6;1;-7;-155;S
Asus;6;6;1;-8;-155;S
Asus;6;3;1;-9;-155;S
Asus;6;3;1;-10;-155;S
Asus;6;3;1;-11;-155;S
Asus;6;3;1;-12;-155;S
Asus;6;3;1;-13;-155;S
Asus;6;3;1;-14;-155;S
Asus;6;3;1;-15;-155;S
Asus;6;3;1;-16;-155;S
Asus;6;3;1;-17;-155;S
Asus;6;3;1;-18;-155;S
Asus;6;3;1;-19;-155;S
Asus;6;3;1;-20;-155;S
Asus;6;9;2;20;-155;S
Asus;6;9;2;19;-155;S
Asus;6;9;2;18;-155;S
Asus;6;9;2;17;-155;S
Asus;6;9;2;16;-155;S
Asus;6;9;2;15;-155;S
Asus;6;9;2;14;-155;S
Asus;6;9;2;13;-155;S
Asus;6;9;2;12;-155;S
Asus;6;9;2;11;-155;S
Asus;6;9;2;10;-155;S
Asus;6;9;2;9;-155;S
Asus;6;9;2;8;-155;S
Asus;6;6;2;7;-155;S
Asus;6;6;2;6;-155;S
Asus;6;6;2;5;-155;S
Asus;6;6;2;4;-155;S
Asus;6;6;2;3;-155;S
Asus;6;6;2;2;-155;S
Asus;6;6;2;1;-155;S
Asus;6;6;2;0;-155;S
Asus;6;6;2;-1;-155;S
Asus;6;6;2;-2;-155;S
Asus;6;6;2;-3;-155;S
Asus;6;6;2;-4;-155;S
Asus;6;6;2;-5;-155;S
Asus;6;6;2;-6;-155;S
Asus;6;6;2;-7;-155;S
Asus;6;6;2;-8;-155;S
Asus;6;3;2;-9;-155;S
Asus;6;3;2;-10;-155;S
Asus;6;3;2;-11;-155;S
Asus;6;3;2;-12;-155;S
Asus;6;3;2;-13;-155;S
Asus;6;3;2;-14;-155;S
Asus;6;3;2;-15;-155;S
Asus;6;3;2;-16;-155;S
Asus;6;3;2;-17;-155;S
Asus;6;3;2;-18;-155;S
Asus;6;3;2;-19;-155;S
Asus;6;3;2;-20;-155;S
Asus;6;9;3;20;-155;S
Asus;6;9;3;19;-155;S
Asus;6;9;3;18;-155;S
Asus;6;9;3;17;-155;S
Asus;6;9;3;16;-155;S
Asus;6;9;3;15;-155;S
Asus;6;9;3;14;-155;S
Asus;6;9;3;13;-155;S
Asus;6;9;3;12;-155;S
Asus;6;9;3;11;-155;S
Asus;6;9;3;10;-155;S
Asus;6;9;3;9;-155;S
Asus;6;6;3;8;-155;S
Asus;6;6;3;7;-155;S
Asus;6;6;3;6;-155;S
Asus;6;6;3;5;-155;S
Asus;6;6;3;4;-155;S
Asus;6;6;3;3;-155;S
Asus;6;6;3;2;-155;S
Asus;6;6;3;1;-155;S
Asus;6;6;3;0;-155;S
Asus;6;6;3;-1;-155;S
Asus;6;6;3;-2;-155;S
Asus;6;6;3;-3;-155;S
Asus;6;6;3;-4;-155;S
Asus;6;6;3;-5;-155;S
Asus;6;6;3;-6;-155;S
Asus;6;6;3;-7;-155;S
Asus;6;6;3;-8;-155;S
Asus;6;3;3;-9;-155;S
Asus;6;3;3;-10;-155;S
Asus;6;3;3;-11;-155;S
Asus;6;3;3;-12;-155;S
Asus;6;3;3;-13;-155;S
Asus;6;3;3;-14;-155;S
Asus;6;3;3;-15;-155;S
Asus;6;3;3;-16;-155;S
Asus;6;3;3;-17;-155;S
Asus;6;3;3;-18;-155;S
Asus;6;3;3;-19;-155;S
Asus;6;3;3;-20;-155;S
Asus;6;9;4;20;-155;S
Asus;6;9;4;19;-155;S
Asus;6;9;4;18;-155;S
Asus;6;9;4;17;-155;S
Asus;6;9;4;16;-155;S
Asus;6;9;4;15;-155;S
Asus;6;9;4;14;-155;S
Asus;6;9;4;13;-155;S
Asus;6;9;4;12;-155;S
Asus;6;9;4;11;-155;S
Asus;6;9;4;10;-155;S
Asus;6;9;4;9;-155;S
Asus;6;6;4;8;-155;S
Asus;6;6;4;7;-155;S
Asus;6;6;4;6;-155;S
Asus;6;6;4;5;-155;S
Asus;6;6;4;4;-155;S
Asus;6;6;4;3;-155;S
Asus;6;6;4;2;-155;S
Asus;6;6;4;1;-155;S
Asus;6;6;4;0;-155;S
Asus;6;6;4;-1;-155;S
Asus;6;6;4;-2;-155;S
Asus;6;6;4;-3;-155;S
Asus;6;6;4;-4;-155;S
Asus;6;6;4;-5;-155;S
Asus;6;6;4;-6;-155;S
Asus;6;6;4;-7;-155;S
Asus;6;6;4;-8;-155;S
Asus;6;3;4;-9;-155;S
Asus;6;3;4;-10;-155;S
Asus;6;3;4;-11;-155;S
Asus;6;3;4;-12;-155;S
Asus;6;3;4;-13;-155;S
Asus;6;3;4;-14;-155;S
Asus;6;3;4;-15;-155;S
Asus;6;3;4;-16;-155;S
Asus;6;3;4;-17;-155;S
Asus;6;3;4;-18;-155;S
Asus;6;3;4;-19;-155;S
Asus;6;3;4;-20;-155;S
Asus;6;9;5;20;-155;S
Asus;6;9;5;19;-155;S
Asus;6;9;5;18;-155;S
Asus;6;9;5;17;-155;S
Asus;6;9;5;16;-155;S
Asus;6;9;5;15;-155;S
Asus;6;9;5;14;-155;S
Asus;6;9;5;13;-155;S
Asus;6;9;5;12;-155;S
Asus;6;9;5;11;-155;S
Asus;6;9;5;10;-155;S
Asus;6;9;5;9;-155;S
Asus;6;9;5;8;-155;S
Asus;6;6;5;7;-155;S
Asus;6;6;5;6;-155;S
Asus;6;6;5;5;-155;S
Asus;6;6;5;4;-155;S
Asus;6;6;5;3;-155;S
Asus;6;6;5;2;-155;S
Asus;6;6;5;1;-155;S
Asus;6;6;5;0;-155;S
Asus;6;6;5;-1;-155;S
Asus;6;6;5;-2;-155;S
Asus;6;6;5;-3;-155;S
Asus;6;6;5;-4;-155;S
Asus;6;6;5;-5;-155;S
Asus;6;6;5;-6;-155;S
Asus;6;6;5;-7;-155;S
Asus;6;6;5;-8;-155;S
Asus;6;3;5;-9;-155;S
Asus;6;3;5;-10;-155;S
Asus;6;3;5;-11;-155;S
Asus;6;3;5;-12;-155;S
Asus;6;3;5;-13;-155;S
Asus;6;3;5;-14;-155;S
Asus;6;3;5;-15;-155;S
Asus;6;3;5;-16;-155;S
Asus;6;3;5;-17;-155;S
Asus;6;3;5;-18;-155;S
Asus;6;3;5;-19;-155;S
Asus;6;3;5;-20;-155;S
Asus;6;9;6;20;-155;S
Asus;6;9;6;19;-155;S
Asus;6;9;6;18;-155;S
Asus;6;9;6;17;-155;S
Asus;6;9;6;16;-155;S
Asus;6;9;6;15;-155;S
Asus;6;9;6;14;-155;S
Asus;6;9;6;13;-155;S
Asus;6;9;6;12;-155;S
Asus;6;9;6;11;-155;S
Asus;6;9;6;10;-155;S
Asus;6;9;6;9;-155;S
Asus;6;9;6;8;-155;S
Asus;6;6;6;7;-155;S
Asus;6;6;6;6;-155;S
Asus;6;6;6;5;-155;S
Asus;6;6;6;4;-155;S
Asus;6;6;6;3;-155;S
Asus;6;6;6;2;-155;S
Asus;6;6;6;1;-155;S
Asus;6;6;6;0;-155;S
Asus;6;6;6;-1;-155;S
Asus;6;6;6;-2;-155;S
Asus;6;6;6;-3;-155;S
Asus;6;6;6;-4;-155;S
Asus;6;6;6;-5;-155;S
Asus;6;6;6;-6;-155;S
Asus;6;6;6;-7;-155;S
Asus;6;6;6;-8;-155;S
Asus;6;3;6;-9;-155;S
Asus;6;3;6;-10;-155;S
Asus;6;3;6;-11;-155;S
Asus;6;3;6;-12;-155;S
Asus;6;3;6;-13;-155;S
Asus;6;3;6;-14;-155;S
Asus;6;3;6;-15;-155;S
Asus;6;3;6;-16;-155;S
Asus;6;3;6;-17;-155;S
Asus;6;3;6;-18;-155;S
Asus;6;3;6;-19;-155;S
Asus;6;3;6;-20;-155;S
Asus;6;9;7;20;-155;S
Asus;6;9;7;19;-155;S
Asus;6;9;7;18;-155;S
Asus;6;9;7;17;-155;S
Asus;6;9;7;16;-155;S
Asus;6;9;7;15;-155;S
Asus;6;9;7;14;-155;S
Asus;6;9;7;13;-155;S
Asus;6;9;7;12;-155;S
Asus;6;9;7;11;-155;S
Asus;6;9;7;10;-155;S
Asus;6;9;7;9;-155;S
Asus;6;6;7;8;-155;S
Asus;6;6;7;7;-155;S
Asus;6;6;7;6;-155;S
Asus;6;6;7;5;-155;S
Asus;6;6;7;4;-155;S
Asus;6;6;7;3;-155;S
Asus;6;6;7;2;-155;S
Asus;6;6;7;1;-155;S
Asus;6;6;7;0;-155;S
Asus;6;6;7;-1;-155;S
Asus;6;6;7;-2;-155;S
Asus;6;6;7;-3;-155;S
Asus;6;6;7;-4;-155;S
Asus;6;6;7;-5;-155;S
Asus;6;6;7;-6;-155;S
Asus;6;6;7;-7;-155;S
Asus;6;6;7;-8;-155;S
Asus;6;3;7;-9;-155;S
Asus;6;3;7;-10;-155;S
Asus;6;3;7;-11;-155;S
Asus;6;3;7;-12;-155;S
Asus;6;3;7;-13;-155;S
Asus;6;3;7;-14;-155;S
Asus;6;3;7;-15;-155;S
Asus;6;3;7;-16;-155;S
Asus;6;3;7;-17;-155;S
Asus;6;3;7;-18;-155;S
Asus;6;3;7;-19;-155;S
Asus;6;3;7;-20;-155;S
Asus;6;9;8;20;-155;S
Asus;6;9;8;19;-155;S
Asus;6;9;8;18;-155;S
Asus;6;9;8;17;-155;S
Asus;6;9;8;16;-155;S
Asus;6;9;8;15;-155;S
Asus;6;9;8;14;-155;S
Asus;6;9;8;13;-155;S
Asus;6;9;8;12;-155;S
Asus;6;9;8;11;-155;S
Asus;6;9;8;10;-155;S
Asus;6;9;8;9;-155;S
Asus;6;6;8;8;-155;S
Asus;6;6;8;7;-155;S
Asus;6;6;8;6;-155;S
Asus;6;6;8;5;-155;S
Asus;6;6;8;4;-155;S
Asus;6;6;8;3;-155;S
Asus;6;6;8;2;-155;S
Asus;6;6;8;1;-155;S
Asus;6;6;8;0;-155;S
Asus;6;6;8;-1;-155;S
Asus;6;6;8;-2;-155;S
Asus;6;6;8;-3;-155;S
Asus;6;6;8;-4;-155;S
Asus;6;6;8;-5;-155;S
Asus;6;6;8;-6;-155;S
Asus;6;6;8;-7;-155;S
Asus;6;6;8;-8;-155;S
Asus;6;6;8;-9;-155;S
Asus;6;3;8;-10;-155;S
Asus;6;3;8;-11;-155;S
Asus;6;3;8;-12;-155;S
Asus;6;3;8;-13;-155;S
Asus;6;3;8;-14;-155;S
Asus;6;3;8;-15;-155;S
Asus;6;3;8;-16;-155;S
Asus;6;3;8;-17;-155;S
Asus;6;3;8;-18;-155;S
Asus;6;3;8;-19;-155;S
Asus;6;3;8;-20;-155;S
Asus;6;9;9;20;-155;S
Asus;6;9;9;19;-155;S
Asus;6;9;9;18;-155;S
Asus;6;9;9;17;-155;S
Asus;6;9;9;16;-155;S
Asus;6;9;9;15;-155;S
Asus;6;9;9;14;-155;S
Asus;6;9;9;13;-155;S
Asus;6;9;9;12;-155;S
Asus;6;9;9;11;-155;S
Asus;6;9;9;10;-155;S
Asus;6;9;9;9;-155;S
Asus;6;6;9;8;-155;S
Asus;6;6;9;7;-155;S
Asus;6;6;9;6;-155;S
Asus;6;6;9;5;-155;S
Asus;6;6;9;4;-155;S
Asus;6;6;9;3;-155;S
Asus;6;6;9;2;-155;S
Asus;6;6;9;1;-155;S
Asus;6;6;9;0;-155;S
Asus;6;6;9;-1;-155;S
Asus;6;6;9;-2;-155;S
Asus;6;6;9;-3;-155;S
Asus;6;6;9;-4;-155;S
Asus;6;6;9;-5;-155;S
Asus;6;6;9;-6;-155;S
Asus;6;6;9;-7;-155;S
Asus;6;6;9;-8;-155;S
Asus;6;6;9;-9;-155;S
Asus;6;3;9;-10;-155;S
Asus;6;3;9;-11;-155;S
Asus;6;3;9;-12;-155;S
Asus;6;3;9;-13;-155;S
Asus;6;3;9;-14;-155;S
Asus;6;3;9;-15;-155;S
Asus;6;3;9;-16;-155;S
Asus;6;3;9;-17;-155;S
Asus;6;3;9;-18;-155;S
Asus;6;3;9;-19;-155;S
Asus;6;3;9;-20;-155;S
Asus;6;9;10;20;-155;S
Asus;6;9;10;19;-155;S
Asus;6;9;10;18;-155;S
Asus;6;9;10;17;-155;S
Asus;6;9;10;16;-155;S
Asus;6;9;10;15;-155;S
Asus;6;9;10;14;-155;S
Asus;6;9;10;13;-155;S
Asus;6;9;10;12;-155;S
Asus;6;9;10;11;-155;S
Asus;6;9;10;10;-155;S
Asus;6;9;10;9;-155;S
Asus;6;6;10;8;-155;S
Asus;6;6;10;7;-155;S
Asus;6;6;10;6;-155;S
Asus;6;6;10;5;-155;S
Asus;6;6;10;4;-155;S
Asus;6;6;10;3;-155;S
Asus;6;6;10;2;-155;S
Asus;6;6;10;1;-155;S
Asus;6;6;10;0;-155;S
Asus;6;6;10;-1;-155;S
Asus;6;6;10;-2;-155;S
Asus;6;6;10;-3;-155;S
Asus;6;6;10;-4;-155;S
Asus;6;6;10;-5;-155;S
Asus;6;6;10;-6;-155;S
Asus;6;6;10;-7;-155;S
Asus;6;6;10;-8;-155;S
Asus;6;3;10;-9;-155;S
Asus;6;3;10;-10;-155;S
Asus;6;+;10;-11;-155;S
Asus;6;0;10;-11;-155;F
Asus;6;3;10;-12;-155;S
Asus;6;3;10;-13;-155;S
Asus;6;3;10;-14;-155;S
Asus;6;3;10;-15;-155;S
Asus;6;3;10;-16;-155;S
Asus;6;3;10;-17;-155;S
Asus;6;3;10;-18;-155;S
Asus;6;3;10;-19;-155;S
Asus;6;3;10;-20;-155;S
Asus;6;9;11;20;-155;S
Asus;6;9;11;19;-155;S
Asus;6;9;11;18;-155;S
Asus;6;9;11;17;-155;S
Asus;6;9;11;16;-155;S
Asus;6;9;11;15;-155;S
Asus;6;9;11;14;-155;S
Asus;6;x;11;13;-155;S
Asus;6;x;11;12;-155;S
Asus;6;9;11;11;-155;S
Asus;6;x;11;10;-155;S
Asus;6;x;11;9;-155;S
Asus;6;-;11;8;-155;S
Asus;6;6;11;7;-155;S
Asus;6;6;11;6;-155;S
Asus;6;6;11;5;-155;S
Asus;6;6;11;4;-155;S
Asus;6;6;11;3;-155;S
Asus;6;6;11;2;-155;S
Asus;6;-;11;1;-155;S
Asus;6;-;11;0;-155;S
Asus;6;-;11;-1;-155;S
Asus;6;6;11;-2;-155;S
Asus;6;6;11;-3;-155;S
Asus;6;-;11;-4;-155;S
Asus;6;6;11;-5;-155;S
Asus;6;6;11;-6;-155;S
Asus;6;-;11;-7;-155;S
Asus;6;-;11;-8;-155;S
Asus;6;+;11;-9;-155;S
Asus;6;0;11;-9;-155;F
Asus;6;+;11;-10;-155;S
Asus;6;0;11;-10;-155;F
Asus;6;+;11;-11;-155;S
Asus;6;0;11;-11;-155;F
Asus;6;+;11;-12;-155;S
Asus;6;0;11;-12;-155;F
Asus;6;+;11;-13;-155;S
Asus;6;0;11;-13;-155;F
Asus;6;3;11;-14;-155;S
Asus;6;+;11;-15;-155;S
Asus;6;0;11;-15;-155;F
Asus;6;3;11;-16;-155;S
Asus;6;+;11;-17;-155;S
Asus;6;0;11;-17;-155;F
Asus;6;+;11;-18;-155;S
Asus;6;0;11;-18;-155;F
Asus;6;+;11;-19;-155;S
Asus;6;0;11;-19;-155;F
Asus;6;+;11;-20;-155;S
Asus;6;0;11;-20;-155;F
Asus;6;x;12;20;-155;S
Asus;6;x;12;19;-155;S
Asus;6;x;12;18;-155;S
Asus;6;x;12;17;-155;S
Asus;6;x;12;16;-155;S
Asus;6;x;12;15;-155;S
Asus;6;x;12;14;-155;S
Asus;6;x;12;13;-155;S
Asus;6;x;12;12;-155;S
Asus;6;x;12;11;-155;S
Asus;6;x;12;10;-155;S
Asus;6;x;12;9;-155;S
Asus;6;-;12;8;-155;S
Asus;6;-;12;7;-155;S
Asus;6;-;12;6;-155;S
Asus;6;-;12;5;-155;S
Asus;6;-;12;4;-155;S
Asus;6;-;12;3;-155;S
Asus;6;-;12;2;-155;S
Asus;6;-;12;1;-155;S
Asus;6;-;12;0;-155;S
Asus;6;-;12;-1;-155;S
Asus;6;-;12;-2;-155;S
Asus;6;-;12;-3;-155;S
Asus;6;-;12;-4;-155;S
Asus;6;-;12;-5;-155;S
Asus;6;-;12;-6;-155;S
Asus;6;-;12;-7;-155;S
Asus;6;-;12;-8;-155;S
Asus;6;+;12;-9;-155;S
Asus;6;0;12;-9;-155;F
Asus;6;+;12;-10;-155;S
Asus;6;0;12;-10;-155;F
Asus;6;+;12;-11;-155;S
Asus;6;0;12;-11;-155;F
Asus;6;+;12;-12;-155;S
Asus;6;0;12;-12;-155;F
Asus;6;+;12;-13;-155;S
Asus;6;0;12;-13;-155;F
Asus;6;+;12;-14;-155;S
Asus;6;0;12;-14;-155;F
Asus;6;+;12;-15;-155;S
Asus;6;0;12;-15;-155;F
Asus;6;+;12;-16;-155;S
Asus;6;0;12;-16;-155;F
Asus;6;+;12;-17;-155;S
Asus;6;0;12;-17;-155;F
Asus;6;+;12;-18;-155;S
Asus;6;0;12;-18;-155;F
Asus;6;+;12;-19;-155;S
Asus;6;0;12;-19;-155;F
Asus;6;+;12;-20;-155;S
Asus;6;0;12;-20;-155;F
Asus;6;x;13;20;-155;S
Asus;6;x;13;19;-155;S
Asus;6;x;13;18;-155;S
Asus;6;x;13;17;-155;S
Asus;6;x;13;16;-155;S
Asus;6;x;13;15;-155;S
Asus;6;x;13;14;-155;S
Asus;6;x;13;13;-155;S
Asus;6;x;13;12;-155;S
Asus;6;x;13;11;-155;S
Asus;6;x;13;10;-155;S
Asus;6;x;13;9;-155;S
Asus;6;-;13;8;-155;S
Asus;6;-;13;7;-155;S
Asus;6;-;13;6;-155;S
Asus;6;-;13;5;-155;S
Asus;6;-;13;4;-155;S
Asus;6;-;13;3;-155;S
Asus;6;-;13;2;-155;S
Asus;6;-;13;1;-155;S
Asus;6;-;13;0;-155;S
Asus;6;-;13;-1;-155;S
Asus;6;-;13;-2;-155;S
Asus;6;-;13;-3;-155;S
Asus;6;-;13;-4;-155;S
Asus;6;-;13;-5;-155;S
Asus;6;-;13;-6;-155;S
Asus;6;-;13;-7;-155;S
Asus;6;-;13;-8;-155;S
Asus;6;+;13;-9;-155;S
Asus;6;0;13;-9;-155;F
Asus;6;+;13;-10;-155;S
Asus;6;0;13;-10;-155;F
Asus;6;+;13;-11;-155;S
Asus;6;0;13;-11;-155;F
Asus;6;+;13;-12;-155;S
Asus;6;0;13;-12;-155;F
Asus;6;+;13;-13;-155;S
Asus;6;0;13;-13;-155;F
Asus;6;+;13;-14;-155;S
Asus;6;0;13;-14;-155;F
Asus;6;+;13;-15;-155;S
Asus;6;0;13;-15;-155;F
Asus;6;+;13;-16;-155;S
Asus;6;0;13;-16;-155;F
Asus;6;+;13;-17;-155;S
Asus;6;0;13;-17;-155;F
Asus;6;+;13;-18;-155;S
Asus;6;0;13;-18;-155;F
Asus;6;+;13;-19;-155;S
Asus;6;0;13;-19;-155;F
Asus;6;+;13;-20;-155;S
Asus;6;0;13;-20;-155;F
Asus;6;x;14;20;-155;S
Asus;6;x;14;19;-155;S
Asus;6;x;14;18;-155;S
Asus;6;x;14;17;-155;S
Asus;6;x;14;16;-155;S
Asus;6;x;14;15;-155;S
Asus;6;x;14;14;-155;S
Asus;6;x;14;13;-155;S
Asus;6;x;14;12;-155;S
Asus;6;x;14;11;-155;S
Asus;6;x;14;10;-155;S
Asus;6;x;14;9;-155;S
Asus;6;-;14;8;-155;S
Asus;6;-;14;7;-155;S
Asus;6;-;14;6;-155;S
Asus;6;-;14;5;-155;S
Asus;6;-;14;4;-155;S
Asus;6;-;14;3;-155;S
Asus;6;-;14;2;-155;S
Asus;6;-;14;1;-155;S
Asus;6;-;14;0;-155;S
Asus;6;-;14;-1;-155;S
Asus;6;-;14;-2;-155;S
Asus;6;-;14;-3;-155;S
Asus;6;-;14;-4;-155;S
Asus;6;-;14;-5;-155;S
Asus;6;-;14;-6;-155;S
Asus;6;-;14;-7;-155;S
Asus;6;-;14;-8;-155;S
Asus;6;+;14;-9;-155;S
Asus;6;0;14;-9;-155;F
Asus;6;+;14;-10;-155;S
Asus;6;0;14;-10;-155;F
Asus;6;+;14;-11;-155;S
Asus;6;0;14;-11;-155;F
Asus;6;+;14;-12;-155;S
Asus;6;0;14;-12;-155;F
Asus;6;+;14;-13;-155;S
Asus;6;0;14;-13;-155;F
Asus;6;+;14;-14;-155;S
Asus;6;0;14;-14;-155;F
Asus;6;+;14;-15;-155;S
Asus;6;0;14;-15;-155;F
Asus;6;+;14;-16;-155;S
Asus;6;0;14;-16;-155;F
Asus;6;+;14;-17;-155;S
Asus;6;0;14;-17;-155;F
Asus;6;+;14;-18;-155;S
Asus;6;0;14;-18;-155;F
Asus;6;+;14;-19;-155;S
Asus;6;0;14;-19;-155;F
Asus;6;+;14;-20;-155;S
Asus;6;0;14;-20;-155;F
Asus;6;x;15;20;-155;S
Asus;6;x;15;19;-155;S
Asus;6;x;15;18;-155;S
Asus;6;x;15;17;-155;S
Asus;6;x;15;16;-155;S
Asus;6;x;15;15;-155;S
Asus;6;x;15;14;-155;S
Asus;6;x;15;13;-155;S
Asus;6;x;15;12;-155;S
Asus;6;x;15;11;-155;S
Asus;6;x;15;10;-155;S
Asus;6;x;15;9;-155;S
Asus;6;-;15;8;-155;S
Asus;6;-;15;7;-155;S
Asus;6;-;15;6;-155;S
Asus;6;-;15;5;-155;S
Asus;6;-;15;4;-155;S
Asus;6;-;15;3;-155;S
Asus;6;-;15;2;-155;S
Asus;6;-;15;1;-155;S
Asus;6;-;15;0;-155;S
Asus;6;-;15;-1;-155;S
Asus;6;-;15;-2;-155;S
Asus;6;-;15;-3;-155;S
Asus;6;-;15;-4;-155;S
Asus;6;-;15;-5;-155;S
Asus;6;-;15;-6;-155;S
Asus;6;-;15;-7;-155;S
Asus;6;-;15;-8;-155;S
Asus;6;+;15;-9;-155;S
Asus;6;0;15;-9;-155;F
Asus;6;0;15;-10;-155;F
Asus;6;+;15;-11;-155;S
Asus;6;0;15;-11;-155;F
Asus;6;+;15;-12;-155;S
Asus;6;0;15;-12;-155;F
Asus;6;+;15;-13;-155;S
Asus;6;0;15;-13;-155;F
Asus;6;+;15;-14;-155;S
Asus;6;0;15;-14;-155;F
Asus;6;+;15;-15;-155;S
Asus;6;0;15;-15;-155;F
Asus;6;+;15;-16;-155;S
Asus;6;0;15;-16;-155;F
Asus;6;+;15;-17;-155;S
Asus;6;0;15;-17;-155;F
Asus;6;+;15;-18;-155;S
Asus;6;0;15;-18;-155;F
Asus;6;+;15;-19;-155;S
Asus;6;0;15;-19;-155;F
Asus;6;+;15;-20;-155;S
Asus;6;0;15;-20;-155;F
Asus;6;x;16;20;-155;S
Asus;6;x;16;19;-155;S
Asus;6;x;16;18;-155;S
Asus;6;x;16;17;-155;S
Asus;6;x;16;16;-155;S
Asus;6;x;16;15;-155;S
Asus;6;x;16;14;-155;S
Asus;6;x;16;13;-155;S
Asus;6;x;16;12;-155;S
Asus;6;x;16;11;-155;S
Asus;6;x;16;10;-155;S
Asus;6;x;16;9;-155;S
Asus;6;-;16;8;-155;S
Asus;6;-;16;7;-155;S
Asus;6;-;16;6;-155;S
Asus;6;-;16;5;-155;S
Asus;6;-;16;4;-155;S
Asus;6;-;16;3;-155;S
Asus;6;-;16;2;-155;S
Asus;6;-;16;1;-155;S
Asus;6;-;16;0;-155;S
Asus;6;-;16;-1;-155;S
Asus;6;-;16;-2;-155;S
Asus;6;-;16;-3;-155;S
Asus;6;-;16;-4;-155;S
Asus;6;-;16;-5;-155;S
Asus;6;-;16;-6;-155;S
Asus;6;-;16;-7;-155;S
Asus;6;-;16;-8;-155;S
Asus;6;+;16;-9;-155;S
Asus;6;0;16;-9;-155;F
Asus;6;+;16;-10;-155;S
Asus;6;0;16;-10;-155;F
Asus;6;+;16;-11;-155;S
Asus;6;0;16;-11;-155;F
Asus;6;+;16;-12;-155;S
Asus;6;0;16;-12;-155;F
Asus;6;+;16;-13;-155;S
Asus;6;0;16;-13;-155;F
Asus;6;+;16;-14;-155;S
Asus;6;0;16;-14;-155;F
Asus;6;+;16;-15;-155;S
Asus;6;0;16;-15;-155;F
Asus;6;+;16;-16;-155;S
Asus;6;0;16;-16;-155;F
Asus;6;+;16;-17;-155;S
Asus;6;0;16;-17;-155;F
Asus;6;+;16;-18;-155;S
Asus;6;0;16;-18;-155;F
Asus;6;+;16;-19;-155;S
Asus;6;0;16;-19;-155;F
Asus;6;+;16;-20;-155;S
Asus;6;0;16;-20;-155;F
Asus;6;x;17;20;-155;S
Asus;6;x;17;19;-155;S
Asus;6;x;17;18;-155;S
Asus;6;x;17;17;-155;S
Asus;6;x;17;16;-155;S
Asus;6;x;17;15;-155;S
Asus;6;x;17;14;-155;S
Asus;6;x;17;13;-155;S
Asus;6;x;17;12;-155;S
Asus;6;x;17;11;-155;S
Asus;6;x;17;10;-155;S
Asus;6;x;17;9;-155;S
Asus;6;-;17;8;-155;S
Asus;6;-;17;7;-155;S
Asus;6;-;17;6;-155;S
Asus;6;-;17;5;-155;S
Asus;6;-;17;4;-155;S
Asus;6;-;17;3;-155;S
Asus;6;-;17;2;-155;S
Asus;6;-;17;1;-155;S
Asus;6;-;17;0;-155;S
Asus;6;-;17;-1;-155;S
Asus;6;-;17;-2;-155;S
Asus;6;-;17;-3;-155;S
Asus;6;-;17;-4;-155;S
Asus;6;-;17;-5;-155;S
Asus;6;-;17;-6;-155;S
Asus;6;-;17;-7;-155;S
Asus;6;-;17;-8;-155;S
Asus;6;+;17;-9;-155;S
Asus;6;0;17;-9;-155;F
Asus;6;+;17;-10;-155;S
Asus;6;0;17;-10;-155;F
Asus;6;+;17;-11;-155;S
Asus;6;0;17;-11;-155;F
Asus;6;+;17;-12;-155;S
Asus;6;0;17;-12;-155;F
Asus;6;+;17;-13;-155;S
Asus;6;0;17;-13;-155;F
Asus;6;+;17;-14;-155;S
Asus;6;0;17;-14;-155;F
Asus;6;+;17;-15;-155;S
Asus;6;0;17;-15;-155;F
Asus;6;+;17;-16;-155;S
Asus;6;0;17;-16;-155;F
Asus;6;+;17;-17;-155;S
Asus;6;0;17;-17;-155;F
Asus;6;+;17;-18;-155;S
Asus;6;0;17;-18;-155;F
Asus;6;+;17;-19;-155;S
Asus;6;0;17;-19;-155;F
Asus;6;+;17;-20;-155;S
Asus;6;0;17;-20;-155;F
Asus;6;x;18;20;-155;S
Asus;6;x;18;19;-155;S
Asus;6;x;18;18;-155;S
Asus;6;x;18;17;-155;S
Asus;6;x;18;16;-155;S
Asus;6;x;18;15;-155;S
Asus;6;x;18;14;-155;S
Asus;6;x;18;13;-155;S
Asus;6;x;18;12;-155;S
Asus;6;x;18;11;-155;S
Asus;6;x;18;10;-155;S
Asus;6;x;18;9;-155;S
Asus;6;-;18;8;-155;S
Asus;6;-;18;7;-155;S
Asus;6;-;18;6;-155;S
Asus;6;-;18;5;-155;S
Asus;6;-;18;4;-155;S
Asus;6;-;18;3;-155;S
Asus;6;-;18;2;-155;S
Asus;6;-;18;1;-155;S
Asus;6;-;18;0;-155;S
Asus;6;-;18;-1;-155;S
Asus;6;-;18;-2;-155;S
Asus;6;-;18;-3;-155;S
Asus;6;-;18;-4;-155;S
Asus;6;-;18;-5;-155;S
Asus;6;-;18;-6;-155;S
Asus;6;-;18;-7;-155;S
Asus;6;-;18;-8;-155;S
Asus;6;+;18;-9;-155;S
Asus;6;0;18;-9;-155;F
Asus;6;+;18;-10;-155;S
Asus;6;0;18;-10;-155;F
Asus;6;+;18;-11;-155;S
Asus;6;0;18;-11;-155;F
Asus;6;+;18;-12;-155;S
Asus;6;0;18;-12;-155;F
Asus;6;+;18;-13;-155;S
Asus;6;0;18;-13;-155;F
Asus;6;+;18;-14;-155;S
Asus;6;0;18;-14;-155;F
Asus;6;+;18;-15;-155;S
Asus;6;0;18;-15;-155;F
Asus;6;+;18;-16;-155;S
Asus;6;0;18;-16;-155;F
Asus;6;+;18;-17;-155;S
Asus;6;0;18;-17;-155;F
Asus;6;+;18;-18;-155;S
Asus;6;0;18;-18;-155;F
Asus;6;+;18;-19;-155;S
Asus;6;0;18;-19;-155;F
Asus;6;+;18;-20;-155;S
Asus;6;0;18;-20;-155;F
Asus;6;x;19;20;-155;S
Asus;6;x;19;19;-155;S
Asus;6;x;19;18;-155;S
Asus;6;x;19;17;-155;S
Asus;6;x;19;16;-155;S
Asus;6;x;19;15;-155;S
Asus;6;x;19;14;-155;S
Asus;6;x;19;13;-155;S
Asus;6;x;19;12;-155;S
Asus;6;x;19;11;-155;S
Asus;6;x;19;10;-155;S
Asus;6;x;19;9;-155;S
Asus;6;-;19;8;-155;S
Asus;6;-;19;7;-155;S
Asus;6;-;19;6;-155;S
Asus;6;-;19;5;-155;S
Asus;6;-;19;4;-155;S
Asus;6;-;19;3;-155;S
Asus;6;-;19;2;-155;S
Asus;6;-;19;1;-155;S
Asus;6;-;19;0;-155;S
Asus;6;-;19;-1;-155;S
Asus;6;-;19;-2;-155;S
Asus;6;-;19;-3;-155;S
Asus;6;-;19;-4;-155;S
Asus;6;-;19;-5;-155;S
Asus;6;-;19;-6;-155;S
Asus;6;-;19;-7;-155;S
Asus;6;-;19;-8;-155;S
Asus;6;+;19;-9;-155;S
Asus;6;0;19;-9;-155;F
Asus;6;+;19;-10;-155;S
Asus;6;0;19;-10;-155;F
Asus;6;+;19;-11;-155;S
Asus;6;0;19;-11;-155;F
Asus;6;+;19;-12;-155;S
Asus;6;0;19;-12;-155;F
Asus;6;+;19;-13;-155;S
Asus;6;0;19;-13;-155;F
Asus;6;+;19;-14;-155;S
Asus;6;0;19;-14;-155;F
Asus;6;+;19;-15;-155;S
Asus;6;0;19;-15;-155;F
Asus;6;+;19;-16;-155;S
Asus;6;0;19;-16;-155;F
Asus;6;+;19;-17;-155;S
Asus;6;0;19;-17;-155;F
Asus;6;+;19;-18;-155;S
Asus;6;0;19;-18;-155;F
Asus;6;+;19;-19;-155;S
Asus;6;0;19;-19;-155;F
Asus;6;+;19;-20;-155;S
Asus;6;0;19;-20;-155;F
Asus;6;x;20;20;-155;S
Asus;6;x;20;19;-155;S
Asus;6;x;20;18;-155;S
Asus;6;x;20;17;-155;S
Asus;6;x;20;16;-155;S
Asus;6;x;20;15;-155;S
Asus;6;x;20;14;-155;S
Asus;6;x;20;13;-155;S
Asus;6;x;20;12;-155;S
Asus;6;x;20;11;-155;S
Asus;6;x;20;10;-155;S
Asus;6;x;20;9;-155;S
Asus;6;-;20;8;-155;S
Asus;6;-;20;7;-155;S
Asus;6;-;20;6;-155;S
Asus;6;-;20;5;-155;S
Asus;6;-;20;4;-155;S
Asus;6;-;20;3;-155;S
Asus;6;-;20;2;-155;S
Asus;6;-;20;1;-155;S
Asus;6;-;20;0;-155;S
Asus;6;-;20;-1;-155;S
Asus;6;-;20;-2;-155;S
Asus;6;-;20;-3;-155;S
Asus;6;-;20;-4;-155;S
Asus;6;-;20;-5;-155;S
Asus;6;-;20;-6;-155;S
Asus;6;-;20;-7;-155;S
Asus;6;+;20;-8;-155;S
Asus;6;0;20;-8;-155;F
Asus;6;+;20;-9;-155;S
Asus;6;0;20;-9;-155;F
Asus;6;+;20;-10;-155;S
Asus;6;0;20;-10;-155;F
Asus;6;+;20;-11;-155;S
Asus;6;0;20;-11;-155;F
Asus;6;+;20;-12;-155;S
Asus;6;0;20;-12;-155;F
Asus;6;+;20;-13;-155;S
Asus;6;0;20;-13;-155;F
Asus;6;+;20;-14;-155;S
Asus;6;0;20;-14;-155;F
Asus;6;+;20;-15;-155;S
Asus;6;0;20;-15;-155;F
Asus;6;+;20;-16;-155;S
Asus;6;0;20;-16;-155;F
Asus;6;+;20;-17;-155;S
Asus;6;0;20;-17;-155;F
Asus;6;+;20;-18;-155;S
Asus;6;0;20;-18;-155;F
Asus;6;+;20;-19;-155;S
Asus;6;0;20;-19;-155;F
Asus;6;+;20;-20;-155;S
Asus;6;0;20;-20;-155;F
Asus;6;x;21;20;-155;S
Asus;6;x;21;19;-155;S
Asus;6;x;21;18;-155;S
Asus;6;x;21;17;-155;S
Asus;6;x;21;16;-155;S
Asus;6;x;21;15;-155;S
Asus;6;x;21;14;-155;S
Asus;6;x;21;13;-155;S
Asus;6;x;21;12;-155;S
Asus;6;x;21;11;-155;S
Asus;6;x;21;10;-155;S
Asus;6;x;21;9;-155;S
Asus;6;-;21;8;-155;S
Asus;6;-;21;7;-155;S
Asus;6;-;21;6;-155;S
Asus;6;-;21;5;-155;S
Asus;6;-;21;4;-155;S
Asus;6;-;21;3;-155;S
Asus;6;-;21;2;-155;S
Asus;6;-;21;1;-155;S
Asus;6;-;21;0;-155;S
Asus;6;-;21;-1;-155;S
Asus;6;-;21;-2;-155;S
Asus;6;-;21;-3;-155;S
Asus;6;-;21;-4;-155;S
Asus;6;-;21;-5;-155;S
Asus;6;-;21;-6;-155;S
Asus;6;-;21;-7;-155;S
Asus;6;+;21;-8;-155;S
Asus;6;0;21;-8;-155;F
Asus;6;+;21;-9;-155;S
Asus;6;0;21;-9;-155;F
Asus;6;+;21;-10;-155;S
Asus;6;0;21;-10;-155;F
Asus;6;+;21;-11;-155;S
Asus;6;0;21;-11;-155;F
Asus;6;+;21;-12;-155;S
Asus;6;0;21;-12;-155;F
Asus;6;+;21;-13;-155;S
Asus;6;0;21;-13;-155;F
Asus;6;+;21;-14;-155;S
Asus;6;0;21;-14;-155;F
Asus;6;+;21;-15;-155;S
Asus;6;0;21;-15;-155;F
Asus;6;+;21;-16;-155;S
Asus;6;0;21;-16;-155;F
Asus;6;+;21;-17;-155;S
Asus;6;0;21;-17;-155;F
Asus;6;+;21;-18;-155;S
Asus;6;0;21;-18;-155;F
Asus;6;+;21;-19;-155;S
Asus;6;0;21;-19;-155;F
Asus;6;+;21;-20;-155;S
Asus;6;0;21;-20;-155;F
Asus;6;x;22;20;-155;S
Asus;6;x;22;19;-155;S
Asus;6;x;22;18;-155;S
Asus;6;x;22;17;-155;S
Asus;6;x;22;16;-155;S
Asus;6;x;22;15;-155;S
Asus;6;x;22;14;-155;S
Asus;6;x;22;13;-155;S
Asus;6;x;22;12;-155;S
Asus;6;x;22;11;-155;S
Asus;6;x;22;10;-155;S
Asus;6;x;22;9;-155;S
Asus;6;-;22;8;-155;S
Asus;6;-;22;7;-155;S
Asus;6;-;22;6;-155;S
Asus;6;-;22;5;-155;S
Asus;6;-;22;4;-155;S
Asus;6;-;22;3;-155;S
Asus;6;-;22;2;-155;S
Asus;6;-;22;1;-155;S
Asus;6;-;22;0;-155;S
Asus;6;-;22;-1;-155;S
Asus;6;-;22;-2;-155;S
Asus;6;-;22;-3;-155;S
Asus;6;-;22;-4;-155;S
Asus;6;-;22;-5;-155;S
Asus;6;-;22;-6;-155;S
Asus;6;-;22;-7;-155;S
Asus;6;+;22;-8;-155;S
Asus;6;0;22;-8;-155;F
Asus;6;+;22;-9;-155;S
Asus;6;0;22;-9;-155;F
Asus;6;+;22;-10;-155;S
Asus;6;0;22;-10;-155;F
Asus;6;+;22;-11;-155;S
Asus;6;0;22;-11;-155;F
Asus;6;+;22;-12;-155;S
Asus;6;0;22;-12;-155;F
Asus;6;+;22;-13;-155;S
Asus;6;0;22;-13;-155;F
Asus;6;+;22;-14;-155;S
Asus;6;0;22;-14;-155;F
Asus;6;+;22;-15;-155;S
Asus;6;0;22;-15;-155;F
Asus;6;+;22;-16;-155;S
Asus;6;0;22;-16;-155;F
Asus;6;+;22;-17;-155;S
Asus;6;0;22;-17;-155;F
Asus;6;+;22;-18;-155;S
Asus;6;0;22;-18;-155;F
Asus;6;+;22;-19;-155;S
Asus;6;0;22;-19;-155;F
Asus;6;+;22;-20;-155;S
Asus;6;0;22;-20;-155;F
Asus;6;x;23;20;-155;S
Asus;6;x;23;19;-155;S
Asus;6;x;23;18;-155;S
Asus;6;x;23;17;-155;S
Asus;6;x;23;16;-155;S
Asus;6;x;23;15;-155;S
Asus;6;x;23;14;-155;S
Asus;6;x;23;13;-155;S
Asus;6;x;23;12;-155;S
Asus;6;x;23;11;-155;S
Asus;6;x;23;10;-155;S
Asus;6;x;23;9;-155;S
Asus;6;-;23;8;-155;S
Asus;6;-;23;7;-155;S
Asus;6;-;23;6;-155;S
Asus;6;-;23;5;-155;S
Asus;6;-;23;4;-155;S
Asus;6;-;23;3;-155;S
Asus;6;-;23;2;-155;S
Asus;6;-;23;1;-155;S
Asus;6;-;23;0;-155;S
Asus;6;-;23;-1;-155;S
Asus;6;-;23;-2;-155;S
Asus;6;-;23;-3;-155;S
Asus;6;-;23;-4;-155;S
Asus;6;-;23;-5;-155;S
Asus;6;-;23;-6;-155;S
Asus;6;-;23;-7;-155;S
Asus;6;+;23;-8;-155;S
Asus;6;0;23;-8;-155;F
Asus;6;+;23;-9;-155;S
Asus;6;0;23;-9;-155;F
Asus;6;+;23;-10;-155;S
Asus;6;0;23;-10;-155;F
Asus;6;+;23;-11;-155;S
Asus;6;0;23;-11;-155;F
Asus;6;+;23;-12;-155;S
Asus;6;0;23;-12;-155;F
Asus;6;+;23;-13;-155;S
Asus;6;0;23;-13;-155;F
Asus;6;+;23;-14;-155;S
Asus;6;0;23;-14;-155;F
Asus;6;+;23;-15;-155;S
Asus;6;0;23;-15;-155;F
Asus;6;+;23;-16;-155;S
Asus;6;0;23;-16;-155;F
Asus;6;+;23;-17;-155;S
Asus;6;0;23;-17;-155;F
Asus;6;+;23;-18;-155;S
Asus;6;0;23;-18;-155;F
Asus;6;+;23;-19;-155;S
Asus;6;0;23;-19;-155;F
Asus;6;+;23;-20;-155;S
Asus;6;0;23;-20;-155;F
Asus;6;x;24;20;-155;S
Asus;6;x;24;19;-155;S
Asus;6;x;24;18;-155;S
Asus;6;x;24;17;-155;S
Asus;6;x;24;16;-155;S
Asus;6;x;24;15;-155;S
Asus;6;x;24;14;-155;S
Asus;6;x;24;13;-155;S
Asus;6;x;24;12;-155;S
Asus;6;x;24;11;-155;S
Asus;6;x;24;10;-155;S
Asus;6;x;24;9;-155;S
Asus;6;-;24;8;-155;S
Asus;6;-;24;7;-155;S
Asus;6;-;24;6;-155;S
Asus;6;-;24;5;-155;S
Asus;6;-;24;4;-155;S
Asus;6;-;24;3;-155;S
Asus;6;-;24;2;-155;S
Asus;6;-;24;1;-155;S
Asus;6;-;24;0;-155;S
Asus;6;-;24;-1;-155;S
Asus;6;-;24;-2;-155;S
Asus;6;-;24;-3;-155;S
Asus;6;-;24;-4;-155;S
Asus;6;-;24;-5;-155;S
Asus;6;-;24;-6;-155;S
Asus;6;-;24;-7;-155;S
Asus;6;+;24;-8;-155;S
Asus;6;0;24;-8;-155;F
Asus;6;+;24;-9;-155;S
Asus;6;0;24;-9;-155;F
Asus;6;+;24;-10;-155;S
Asus;6;0;24;-10;-155;F
Asus;6;+;24;-11;-155;S
Asus;6;0;24;-11;-155;F
Asus;6;+;24;-12;-155;S
Asus;6;0;24;-12;-155;F
Asus;6;+;24;-13;-155;S
Asus;6;0;24;-13;-155;F
Asus;6;+;24;-14;-155;S
Asus;6;0;24;-14;-155;F
Asus;6;+;24;-15;-155;S
Asus;6;0;24;-15;-155;F
Asus;6;+;24;-16;-155;S
Asus;6;0;24;-16;-155;F
Asus;6;+;24;-17;-155;S
Asus;6;0;24;-17;-155;F
Asus;6;+;24;-18;-155;S
Asus;6;0;24;-18;-155;F
Asus;6;+;24;-19;-155;S
Asus;6;0;24;-19;-155;F
Asus;6;+;24;-20;-155;S
Asus;6;0;24;-20;-155;F
Asus;6;x;25;20;-155;S
Asus;6;x;25;19;-155;S
Asus;6;x;25;18;-155;S
Asus;6;x;25;17;-155;S
Asus;6;x;25;16;-155;S
Asus;6;x;25;15;-155;S
Asus;6;x;25;14;-155;S
Asus;6;x;25;13;-155;S
Asus;6;x;25;12;-155;S
Asus;6;x;25;11;-155;S
Asus;6;x;25;10;-155;S
Asus;6;x;25;9;-155;S
Asus;6;-;25;8;-155;S
Asus;6;-;25;7;-155;S
Asus;6;-;25;6;-155;S
Asus;6;-;25;5;-155;S
Asus;6;-;25;4;-155;S
Asus;6;-;25;3;-155;S
Asus;6;-;25;2;-155;S
Asus;6;-;25;1;-155;S
Asus;6;-;25;0;-155;S
Asus;6;-;25;-1;-155;S
Asus;6;-;25;-2;-155;S
Asus;6;-;25;-3;-155;S
Asus;6;-;25;-4;-155;S
Asus;6;-;25;-5;-155;S
Asus;6;-;25;-6;-155;S
Asus;6;-;25;-7;-155;S
Asus;6;+;25;-8;-155;S
Asus;6;0;25;-8;-155;F
Asus;6;+;25;-9;-155;S
Asus;6;0;25;-9;-155;F
Asus;6;+;25;-10;-155;S
Asus;6;0;25;-10;-155;F
Asus;6;+;25;-11;-155;S
Asus;6;0;25;-11;-155;F
Asus;6;+;25;-12;-155;S
Asus;6;0;25;-12;-155;F
Asus;6;+;25;-13;-155;S
Asus;6;0;25;-13;-155;F
Asus;6;+;25;-14;-155;S
Asus;6;0;25;-14;-155;F
Asus;6;+;25;-15;-155;S
Asus;6;0;25;-15;-155;F
Asus;6;+;25;-16;-155;S
Asus;6;0;25;-16;-155;F
Asus;6;+;25;-17;-155;S
Asus;6;0;25;-17;-155;F
Asus;6;0;25;-18;-155;F
Asus;6;+;25;-19;-155;S
Asus;6;0;25;-19;-155;F
Asus;6;+;25;-20;-155;S
Asus;6;0;25;-20;-155;F
